
-11
-11
-11
-11
-11
-12
-12
-12
-12
-12
-11
-11
-10
-11
-11
-11
-12
-11
-11
-12
-12
-12
-12
-13
-13
-14
-13
-12
-12
-12
-12
-12
-12
-12
-12
-12
-13
-13
-12
-13
-13
-12
-12
-11
-11
-11
-10
-11
-11
-12
-12
-11
-12
-11
-12
-11
-11
-12
-11
-11
-11
-11
-11
-11
-11
-11
-11
-11
-12
-11
-11
-11
-11
-11
-10
-10
-10
-10
-11
-11
-12
-12
-12
-12
-12
-13
-12
-12
-12
-10
-11
-12
-11
-12
-11
-12
-12
-12
-12
-11
-12
-12
-13
-13
-13
-13
-12
-12
-11
-12
-12
-12
-12
-11
-11
-12
-12
-11
-12
-12
-11
-12
-12
-12
-11
-12
-13
-12
-12
-12
-11
-12
-11
-12
-11
-11
-12
-11
-11
-12
-12
-12
-12
-12
-13
-13
-12
-12
-13
-13
-12
-12
-12
-11
-11
-11
-11
-10
-11
-12
-12
-12
-12
-11
-12
-12
-11
-13
-13
-12
-13
-13
-12
-12
-13
-11
-12
-12
-11
-11
-11
-11
-12
-12
-12
-11
-11
-11
-11
-11
-11
-12
-12
-11
-11
-11
-11
-12
-12
-11
-11
-11
-12
-12
-12
-11
-12
-12
-12
-11
-11
-11
-11
-11
-11
-10
-10
-11
-11
-12
-12
-12
-11
-12
-12
-12
-11
-12
-12
-10
-11
-10
-11
-11
-12
-11
-11
-12
-12
-11
-12
-12
-12
-13
-13
-12
-12
-12
-13
-13
-12
-12
-13
-13
-13
-13
-13
-13
-13
-12
-11
-12
-12
-11
-12
-12
-13
-12
-11
-12
-12
-12
-12
-12
-12
-11
-11
-11
-11
-11
-11
-11
-11
-12
-11
-11
-11
-11
-11
-10
-12
-12
-12
-12
-12
-12
-12
-12
-12
-13
-12
-12
-12
-12
-13
-12
-12
-14
-12
-12
-12
-11
-11
-11
-12
-11
-11
-11
-11
-12
-12
-12
-12
-11
-11
-11
-11
-10
-9
-10
-9
-10
-10
-10
-10
-11
-11
-10
-11
-11
-11
-11
-11
-11
-11
-11
-10
-11
-10
-10
-11
-11
-10
-11
-10
-11
-11
-12
-12
-11
-13
-12
-13
-13
-12
-12
-13
-12
-11
-11
-11
-12
-11
-10
-10
-10
-12
-11
-11
-12
-11
-10
-12
-12
-11
-12
-11
-12
-12
-12
-12
-12
-12
-11
-11
-12
-12
-10
-10
-12
-11
-11
-11
-12
-12
-12
-12
-11
-12
-12
-11
-11
-11
-11
-12
-12
-11
-11
-12
-11
-12
-12
-11
-12
-12
-13
-13
-12
-11
-11
-11
-12
-12
-11
-12
-12
-12
-12
-11
-12
-11
-11
-11
-12
-12
-12
-12
-13
-12
-12
-12
-12
-11
-11
-11
-11
-10
-11
-11
-11
-11
-10
-11
-11
-12
-12
-11
-10
-11
-10
-10
-10
-11
-11
-11
-10
-11
-11
-11
-10
-10
-11
-11
-11
-11
-10
-11
-11
-10
-11
-11
-10
-10
-11
-11
-12
-10
-11
-11
-11
-11
-12
-12
-12
-13
-12
-12
-12
-13
-11
-10
-12
-11
-11
-11
-11
-11
-12
-12
-12
-12
-12
-13
-13
-12
-12
-12
-12
-12
-11
-12
-12
-12
-11
-12
-11
-12
-11
-11
-12
-11
-12
-12
-11
-11
-11
-11
-11
-12
-11
-11
-12
-11
-11
-11
-11
-10
-11
-10
-10
-10
-10
-10
-11
-11
-11
-12
-11
-11
-12
-11
-11
-12
-12
-12
-11
-12
-12
-12
-12
-12
-12
-13
-14
-14
-13
-13
-13
-13
-13
-12
-12
-11
-12
-12
-11
-11
-11
-11
-11
-11
-11
-11
-11
-11
-12
-12
-12
-11
-11
-12
-11
-11
-11
-12
-11
-10
-9
-9
-10
-10
-10
-10
-10
-10
-11
-11
-10
-10
-9
-10
-9
-10
-11
-11
-10
-10
-11
-12
-11
-12
-12
-12
-13
-12
-13
-12
-11
-12
-12
-12
-11
-12
-12
-11
-13
-14
-13
-13
-14
-14
-13
-13
-13
-13
-12
-12
-12
-11
-11
-12
-10
-11
-10
-10
-12
-11
-11
-11
-11
-11
-11
-11
-11
-10
-12
-10
-11
-11
-11
-11
-11
-11
-11
-12
-11
-11
-11
-12
-11
-11
-11
-11
-12
-12
-11
-11
-11
-11
-12
-12
-12
-12
-12
-11
-12
-12
-12
-12
-12
-11
-10
-11
-12
-12
-11
-12
-12
-12
-12
-12
-13
-13
-12
-13
-12
-12
-11
-12
-11
-11
-11
-11
-10
-11
-11
-11
-10
-11
-11
-9
-10
-10
-10
-10
-10
-11
-11
-10
-11
-11
-11
-11
-11
-11
-10
-11
-10
-9
-9
-9
-11
-10
-10
-10
-10
-10
-9
-10
-10
-10
-9
-11
-10
-10
-10
-11
-11
-11
-11
-11
-12
-13
-12
-12
-12
-12
-12
-12
-12
-13
-13
-13
-13
-13
-14
-13
-13
-13
-12
-13
-13
-13
-14
-14
-14
-15
-15
-14
-14
-13
-13
-13
-11
-11
-11
-10
-10
-9
-8
-8
-7
-7
-7
-8
-8
-8
-8
-8
-8
-8
-9
-9
-10
-9
-10
-10
-10
-10
-9
-10
-10
-11
-11
-11
-12
-11
-12
-12
-12
-12
-14
-14
-14
-13
-14
-14
-14
-14
-14
-14
-13
-13
-13
-12
-12
-12
-12
-11
-12
-13
-12
-12
-12
-11
-12
-12
-11
-12
-11
-11
-11
-10
-10
-9
-9
-9
-9
-7
-7
-7
-7
-7
-7
-7
-7
-8
-9
-9
-11
-12
-12
-11
-12
-12
-12
-11
-11
-11
-11
-10
-8
-9
-9
-9
-9
-9
-10
-10
-10
-11
-12
-12
-12
-13
-14
-13
-14
-15
-15
-15
-15
-15
-15
-14
-13
-14
-13
-12
-12
-10
-10
-9
-9
-9
-10
-9
-10
-11
-12
-13
-12
-12
-14
-14
-15
-15
-15
-15
-16
-15
-15
-14
-12
-11
-8
-7
-5
-3
-1
0
-1
-3
-3
-4
-5
-6
-8
-8
-10
-12
-10
-8
-6
-7
-12
-19
-25
-30
-33
-33
-30
-24
-19
-13
-6
-1
5
10
14
17
19
18
15
11
6
1
-4
-9
-14
-18
-22
-25
-28
-32
-35
-40
-48
-49
-47
-42
-35
-26
-19
-12
-4
0
2
1
-1
-3
-6
-9
-11
-13
-14
-14
-16
-16
-15
-13
-10
-8
-6
-4
0
2
6
9
11
14
15
15
14
12
11
12
16
20
17
9
0
-10
-20
-29
-37
-45
-51
-52
-51
-46
-41
-34
-28
-23
-18
-13
-9
-7
-4
-3
-2
-2
-3
-5
-8
-12
-17
-20
-22
-23
-24
-25
-29
-35
-38
-36
-29
-19
-9
0
7
12
14
11
8
4
0
-4
-8
-10
-12
-13
-12
-10
-8
-7
-5
-4
-4
-4
-5
-5
-5
-4
-1
0
1
1
3
4
7
10
18
24
22
12
1
-10
-21
-32
-45
-57
-63
-62
-57
-47
-38
-29
-22
-16
-11
-9
-9
-9
-8
-7
-7
-8
-8
-6
-7
-8
-8
-9
-9
-13
-17
-23
-29
-36
-42
-42
-39
-30
-19
-7
6
20
32
34
29
18
5
-2
-6
-7
-1
6
10
10
10
9
4
-2
-10
-18
-23
-24
-20
-15
-7
-1
3
2
-4
-12
-19
-24
-26
-24
-20
-16
-13
-8
-2
3
8
7
1
-5
-12
-21
-28
-34
-42
-51
-62
-70
-72
-69
-60
-49
-36
-20
-5
11
22
25
20
10
2
-5
-10
-12
-11
-8
-4
3
13
23
28
26
16
4
-8
-19
-29
-33
-31
-26
-20
-14
-8
-3
4
15
27
38
47
45
32
19
5
-7
-16
-25
-32
-39
-48
-54
-60
-64
-59
-50
-39
-27
-16
-5
7
16
22
22
15
3
-12
-29
-48
-60
-56
-45
-35
-24
-14
-3
11
25
39
45
38
24
11
-2
-13
-23
-32
-41
-43
-41
-37
-38
-41
-44
-45
-39
-33
-26
-19
-12
-4
7
22
42
62
68
53
35
21
8
-4
-15
-28
-45
-64
-74
-72
-58
-42
-30
-20
-11
-3
9
22
40
60
64
51
32
16
5
-7
-18
-30
-47
-67
-81
-84
-73
-56
-43
-32
-21
-10
2
20
39
56
57
41
23
9
-2
-12
-23
-36
-52
-62
-63
-55
-48
-45
-45
-42
-37
-29
-20
-12
-3
7
20
38
59
71
61
40
23
8
-6
-23
-43
-60
-72
-70
-56
-42
-30
-19
-6
12
34
47
41
22
0
-23
-43
-57
-56
-44
-32
-22
-11
3
23
46
62
55
36
20
4
-11
-27
-50
-76
-91
-79
-58
-42
-27
-10
15
44
61
50
26
9
-11
-32
-51
-61
-53
-38
-22
-6
8
14
13
5
-5
-16
-30
-39
-40
-38
-30
-22
-15
-5
8
25
42
52
46
29
15
4
-6
-15
-25
-35
-48
-63
-76
-82
-74
-60
-46
-33
-22
-13
-5
4
12
24
38
52
64
63
48
32
16
3
-8
-17
-28
-43
-60
-73
-81
-76
-59
-45
-33
-21
-8
8
26
39
38
23
5
-10
-20
-25
-19
-6
11
27
39
37
24
11
-1
-11
-20
-28
-38
-51
-67
-79
-82
-73
-55
-40
-28
-18
-7
5
21
40
56
62
50
32
15
-1
-14
-24
-28
-26
-24
-23
-24
-24
-21
-17
-17
-24
-35
-47
-51
-46
-35
-26
-17
-9
-2
7
19
34
52
62
55
39
24
10
-2
-12
-26
-43
-63
-78
-84
-73
-53
-38
-26
-17
-8
4
21
42
56
56
43
27
14
3
-7
-19
-35
-52
-68
-81
-77
-60
-45
-33
-23
-13
-3
10
28
51
64
55
38
22
7
-7
-21
-39
-57
-70
-73
-62
-47
-32
-18
-3
14
28
35
32
25
19
14
7
-4
-14
-25
-40
-53
-63
-65
-57
-46
-33
-22
-11
2
19
37
52
57
46
29
13
-1
-16
-34
-52
-67
-72
-62
-47
-34
-22
-10
2
15
24
29
29
27
25
22
17
11
5
-4
-11
-20
-28
-40
-56
-69
-78
-73
-56
-41
-28
-18
-8
7
25
45
58
56
41
25
11
-4
-19
-39
-55
-63
-58
-46
-35
-28
-23
-18
-14
-7
-1
8
19
33
44
46
38
25
13
0
-11
-23
-39
-57
-72
-78
-71
-54
-37
-23
-11
-3
-3
-5
-7
-7
-4
4
15
29
41
46
39
26
14
2
-12
-27
-45
-66
-79
-76
-60
-42
-29
-18
-4
12
29
45
51
43
28
12
-3
-19
-35
-47
-54
-48
-41
-34
-31
-30
-27
-25
-19
-12
-4
8
24
44
59
55
37
19
4
-13
-34
-57
-75
-78
-66
-52
-38
-26
-15
-4
11
26
40
47
41
28
16
6
-3
-12
-21
-33
-48
-64
-75
-73
-58
-43
-30
-21
-12
-2
7
21
39
55
63
53
36
22
9
-1
-14
-28
-44
-60
-74
-78
-67
-52
-40
-28
-17
-3
16
39
59
60
43
22
2
-16
-32
-44
-45
-38
-31
-28
-27
-24
-17
-8
4
13
18
19
14
6
-2
-12
-24
-34
-41
-41
-32
-24
-14
-7
-9
-14
-19
-23
-25
-22
-18
-12
-5
7
22
36
49
46
33
19
6
-5
-17
-28
-45
-66
-82
-86
-73
-56
-41
-29
-19
-6
7
26
48
62
59
43
24
8
-9
-31
-54
-72
-73
-59
-44
-31
-20
-8
9
29
48
54
42
25
10
-6
-24
-40
-50
-44
-32
-23
-21
-26
-31
-35
-35
-30
-22
-14
-5
5
20
38
52
53
39
25
11
-3
-15
-29
-47
-67
-80
-76
-60
-46
-33
-22
-13
-3
11
26
41
53
51
37
21
6
-8
-17
-18
-15
-11
-11
-18
-27
-38
-51
-66
-75
-70
-58
-42
-28
-15
-2
14
34
52
58
44
22
2
-19
-30
-27
-18
-7
1
-1
-12
-24
-32
-30
-17
1
21
30
22
5
-14
-35
-57
-66
-58
-40
-25
-8
12
34
51
46
29
13
0
-13
-27
-44
-63
-71
-68
-54
-40
-28
-17
-6
7
24
44
56
46
26
9
-6
-18
-30
-38
-43
-43
-35
-23
-8
8
23
30
24
10
-5
-17
-29
-42
-51
-56
-53
-43
-35
-25
-16
-6
5
17
33
47
48
36
18
-2
-24
-47
-60
-53
-41
-29
-15
1
21
41
50
41
24
11
0
-10
-20
-33
-49
-67
-79
-74
-58
-43
-31
-20
-10
4
23
45
61
55
39
24
10
-1
-14
-28
-44
-60
-67
-67
-59
-46
-34
-25
-17
-9
0
12
28
44
56
56
43
28
13
0
-11
-20
-30
-38
-46
-50
-51
-50
-48
-47
-50
-50
-42
-33
-22
-13
-5
2
9
16
25
36
45
55
53
40
28
14
2
-10
-23
-39
-60
-77
-81
-67
-49
-33
-18
2
20
36
40
28
17
7
-4
-15
-29
-44
-57
-63
-61
-48
-35
-24
-12
2
22
44
60
53
32
12
-8
-27
-42
-43
-34
-17
2
17
21
12
-1
-16
-32
-46
-57
-59
-51
-38
-25
-10
7
24
39
38
23
6
-12
-28
-35
-34
-28
-18
-8
3
14
21
23
20
11
-1
-13
-29
-46
-61
-67
-55
-41
-28
-15
0
20
39
48
39
24
10
-3
-17
-33
-48
-60
-63
-55
-43
-30
-17
-3
15
34
50
47
29
12
-5
-26
-43
-53
-52
-41
-26
-11
1
6
2
-5
-8
-2
9
18
18
9
-5
-20
-36
-54
-64
-59
-45
-32
-19
-4
14
33
48
46
32
18
4
-12
-31
-51
-65
-67
-53
-39
-25
-15
-5
8
21
34
41
40
30
19
9
1
-9
-18
-28
-40
-52
-62
-65
-59
-45
-33
-19
-7
10
30
47
52
39
24
11
-4
-20
-40
-59
-69
-63
-48
-34
-20
-3
17
37
49
39
17
-4
-24
-37
-39
-32
-20
-8
3
12
14
12
8
2
-4
-12
-19
-27
-37
-47
-53
-49
-38
-29
-18
-8
-2
3
4
3
5
11
23
35
41
32
19
4
-16
-37
-59
-72
-62
-45
-27
-9
10
31
41
34
20
8
-5
-19
-38
-55
-68
-69
-55
-41
-28
-14
-1
11
16
13
8
2
1
5
15
25
36
37
27
15
3
-8
-17
-28
-39
-51
-63
-72
-75
-64
-48
-35
-23
-14
-8
-1
7
12
22
34
46
52
44
27
9
-10
-30
-48
-54
-43
-23
-2
14
19
15
5
-3
-10
-19
-30
-46
-60
-69
-63
-48
-34
-24
-14
-7
0
9
20
38
55
64
56
36
21
8
-3
-16
-29
-40
-50
-56
-58
-54
-48
-41
-34
-26
-15
-6
3
9
10
8
6
11
20
31
37
32
19
6
-7
-25
-47
-65
-74
-67
-51
-32
-11
14
39
45
31
14
-3
-21
-40
-56
-64
-55
-40
-27
-15
-3
12
29
43
46
40
27
14
1
-11
-26
-43
-60
-73
-70
-55
-41
-30
-18
-7
8
30
54
63
49
31
16
5
-4
-17
-29
-46
-64
-75
-73
-59
-44
-33
-23
-14
-6
3
16
33
51
65
57
39
23
11
1
-11
-23
-37
-53
-68
-77
-72
-55
-38
-23
-11
-8
-11
-12
-10
-5
1
7
13
24
35
46
52
42
28
15
3
-7
-17
-26
-34
-46
-59
-73
-78
-70
-55
-41
-29
-19
-10
1
16
34
51
59
50
34
19
6
-8
-26
-46
-63
-70
-60
-45
-32
-18
-4
13
32
49
49
32
18
6
-6
-18
-35
-53
-67
-74
-63
-46
-31
-20
-8
6
24
47
62
57
36
16
-1
-21
-42
-58
-64
-55
-39
-24
-4
17
32
32
19
3
-14
-32
-51
-60
-50
-33
-16
-4
1
-2
-8
-7
-1
7
18
26
28
23
11
2
-7
-14
-18
-22
-23
-23
-27
-37
-49
-60
-63
-52
-38
-27
-18
-10
0
16
38
60
63
50
31
16
3
-12
-27
-44
-57
-64
-61
-49
-38
-26
-12
5
25
43
43
28
10
-9
-28
-46
-56
-51
-37
-24
-9
8
25
39
44
34
20
7
-3
-13
-26
-40
-55
-66
-70
-63
-50
-37
-27
-18
-9
0
12
30
51
66
64
44
26
14
1
-11
-23
-35
-49
-61
-68
-69
-60
-49
-38
-28
-19
-9
-1
9
18
25
29
26
21
13
7
3
3
8
15
22
21
12
2
-6
-14
-21
-29
-37
-50
-64
-79
-86
-74
-56
-39
-26
-15
-3
12
31
51
65
59
41
26
12
-1
-15
-32
-52
-68
-71
-59
-45
-33
-21
-10
7
30
55
66
48
25
11
-6
-21
-35
-46
-50
-49
-43
-34
-23
-9
3
13
18
16
11
5
2
-5
-17
-31
-48
-61
-63
-51
-38
-25
-13
-5
5
18
37
57
68
60
40
24
10
-5
-21
-41
-66
-85
-81
-60
-42
-26
-10
4
14
16
13
7
2
0
3
7
9
6
0
-6
-10
-11
-11
-16
-26
-41
-55
-63
-57
-47
-34
-21
-10
7
30
54
66
58
38
22
8
-9
-28
-51
-75
-83
-65
-45
-27
-4
25
52
46
21
-2
-28
-46
-53
-48
-36
-22
-7
11
29
44
45
33
19
7
-3
-14
-24
-35
-47
-59
-70
-71
-60
-45
-31
-19
-9
3
19
38
58
64
51
34
19
5
-7
-20
-36
-50
-58
-60
-58
-51
-43
-34
-23
-12
1
15
26
28
19
6
-2
0
10
24
33
28
17
6
-5
-14
-24
-33
-40
-41
-37
-34
-35
-43
-54
-62
-59
-46
-32
-20
-8
4
17
38
61
70
57
37
22
7
-9
-29
-52
-68
-70
-55
-37
-24
-11
5
23
41
47
37
22
9
-2
-10
-14
-18
-25
-34
-45
-56
-63
-60
-49
-37
-26
-15
-3
12
31
53
62
48
29
16
4
-5
-16
-28
-41
-55
-66
-68
-59
-45
-33
-23
-14
-5
3
16
32
48
57
53
36
19
7
-5
-15
-25
-34
-38
-38
-33
-31
-36
-46
-58
-65
-58
-45
-31
-20
-9
1
13
30
48
62
61
45
28
14
2
-8
-21
-37
-55
-67
-71
-60
-43
-27
-13
1
14
25
29
23
12
-1
-14
-22
-25
-19
-8
6
22
26
19
6
-6
-20
-38
-59
-76
-75
-57
-40
-25
-9
9
27
42
44
33
19
8
0
-7
-15
-21
-26
-30
-33
-37
-40
-40
-38
-33
-23
-9
9
32
50
44
19
-5
-27
-40
-40
-33
-21
-10
2
15
26
34
33
25
15
3
-6
-12
-21
-32
-46
-63
-78
-79
-63
-47
-35
-24
-15
-6
3
16
33
51
65
59
41
26
12
1
-10
-24
-42
-64
-77
-73
-58
-42
-28
-13
0
10
17
14
7
5
9
20
29
31
24
15
4
-7
-16
-26
-36
-47
-61
-71
-73
-62
-47
-34
-23
-13
-5
5
16
33
52
62
56
39
23
10
-2
-15
-34
-60
-80
-76
-54
-36
-18
1
18
29
30
19
7
-4
-16
-23
-26
-26
-23
-19
-14
-9
-5
-2
2
8
15
19
19
14
9
2
-4
-12
-24
-40
-58
-69
-69
-58
-42
-27
-13
3
18
30
31
25
18
9
1
-6
-15
-21
-26
-31
-34
-37
-37
-34
-29
-22
-15
-8
-1
5
9
13
17
21
27
33
32
25
14
0
-14
-26
-35
-37
-34
-29
-24
-18
-12
-6
-3
0
1
3
3
0
-2
-5
-8
-11
-16
-19
-22
-25
-26
-29
-32
-34
-35
-37
-36
-34
-33
-31
-30
-28
-24
-19
-14
-9
-4
0
4
7
7
8
11
15
20
24
28
28
27
25
20
15
8
3
-3
-8
-13
-16
-19
-20
-21
-22
-22
-21
-20
-18
-16
-14
-11
-11
-9
-9
-10
-10
-11
-13
-14
-16
-17
-18
-19
-21
-22
-23
-23
-23
-23
-22
-22
-21
-20
-20
-19
-18
-16
-15
-13
-12
-11
-10
-10
-9
-8
-6
-4
-3
-2
-1
-1
0
1
2
3
5
6
7
7
7
7
7
6
5
4
3
1
-1
-2
-4
-4
-6
-7
-8
-8
-9
-10
-12
-13
-14
-15
-15
-16
-17
-17
-17
-19
-19
-18
-19
-20
-21
-21
-21
-21
-21
-20
-21
-21
-20
-19
-19
-18
-18
-17
-16
-15
-14
-13
-12
-11
-11
-11
-10
-10
-9
-9
-9
-8
-8
-7
-6
-4
-4
-3
-1
0
1
1
2
3
3
3
2
3
1
1
0
-1
-2
-3
-4
-5
-6
-6
-7
-8
-8
-9
-10
-11
-10
-11
-12
-12
-13
-13
-13
-15
-15
-15
-16
-16
-16
-16
-16
-17
-17
-17
-16
-16
-16
-15
-15
-15
-14
-14
-13
-12
-11
-12
-11
-10
-9
-8
-8
-8
-8
-7
-8
-7
-7
-8
-7
-7
-7
-8
-7
-7
-8
-8
-8
-10
-8
-8
-9
-8
-7
-7
-7
-6
-7
-6
-7
-8
-7
-8
-8
-8
-10
-10
-9
-10
-10
-10
-10
-9
-10
-10
-10
-10
-9
-8
-9
-9
-8
-8
-9
-9
-9
-10
-10
-9
-10
-11
-12
-12
-12
-12
-12
-12
-11
-10
-11
-10
-9
-10
-10
-10
-10
-11
-9
-9
-9
-10
-9
-9
-10
-11
-11
-10
-10
-10
-10
-11
-11
-10
-10
-10
-10
-11
-10
-10
-10
-9
-10
-10
-10
-9
-8
-8
-8
-9
-8
-8
-8
-8
-8
-8
-9
-10
-10
-9
-9
-9
-9
-9
-9
-8
-8
-8
-8
-7
-7
-7
-8
-7
-7
-8
-8
-9
-9
-10
-9
-10
-10
-10
-11
-11
-10
-11
-10
-9
-9
-9
-10
-10
-10
-10
-10
-10
-10
-10
-9
-10
-10
-10
-10
-10
-10
-10
-10
-9
-9
-9
-10
-10
-10
-11
-11
-10
-10
-10
-10
-10
-9
-10
-10
-9
-10
-10
-10
-10
-9
-10
-10
-10
-11
-11
-10
-11
-10
-11
-10
-10
-11
-10
-10
-10
-10
-10
-10
-11
-10
-9
-9
-9
-9
-8
-8
-8
-7
-7
-7
-7
-7
-8
-8
-8
-8
-9
-9
-8
-9
-9
-9
-9
-8
-9
-10
-9
-9
-9
-8
-8
-8
-9
-8
-9
-9
-8
-9
-9
-9
-10
-11
-11
-12
-11
-11
-10
-11
-11
-10
-10
-9
-10
-10
-9
-10
-10
-10
-10
-10
-9
-9
-11
-10
-10
-10
-10
-9
-9
-9
-9
-9
-8
-10
-9
-8
-8
-8
-10
-9
-9
-9
-8
-9
-9
-9
-9
-10
-10
-9
-10
-10
-9
-9
-9
-9
-9
-9
-9
-9
-8
-8
-9
-10
-10
-10
-9
-10
-10
-10
-10
-10
-10
-9
-10
-9
-9
-9
-9
-10
-9
-11
-11
-11
-11
-10
-10
-10
-10
-10
-10
-10
-10
-10
-10
-10
-11
-11
-11
-10
-9
-10
-9
-9
-10
-10
-9
-9
-9
-9
-8
-9
-9
-9
-9
-9
-9
-9
-10
-9
-9
-9
-9
-9
-9
-8
-8
-8
-8
-8
-8
-8
-8
-8
-8
-9
-9
-9
-10
-9
-9
-10
-10
-9
-9
-9
-9
-10
-8
-8
-8
-8
-9
-9
-9
-9
-10
-9
-10
-9
-9
-10
-9
-9
-9
-9
-9
-9
-10
-9
-10
-10
-9
-10
-10
-10
-10
-9
-10
-11
-10
-9
-10
-10
-9
-10
-10
-10
-10
-10
-10
-10
-11
-11
-10
-10
-9
-9
-9
-9
-9
-9
-10
-10
-11
-10
-10
-10
-10
-11
-10
-9
-9
-9
-9
-9
-9
-9
-8
-8
-9
-9
-10
-9
-9
-11
-10
-10
-10
-10
-10
-9
-10
-11
-9
-9
-10
-9
-9
-9
-9
-10
-9
-10
-9
-10
-10
-9
-10
-10
-9
-9
-9
-9
-10
-10
-10
-9
-9
-9
-9
-9
-9
-9
-10
-9
-9
-10
-10
-10
-9
-9
-8
-9
-9
-9
-9
-9
-9
-10
-10
-9
-9
-10
-10
-9
-10
-10
-10
-10
-9
-9
-9
-9
-8
-8
-9
-8
-8
-8
-7
-8
-9
-9
-9
-9
-9
-9
-9
-8
-9
-8
-9
-9
-9
-10
-10
-10
-10
-10
-10
-10
-10
-10
-10
-10
-10
-10
-9
-9
-9
-9
-9
-9
-10
-9
-8
-9
-9
-9
-11
-10
-10
-11
-10
-11
-11
-9
-10
-10
-9
-8
-8
-8
-9
-9
-9
-10
-9
-9
-9
-9
-10
-9
-10
-10
-9
-10
-9
-10
-10
-9
-10
-10
-10
-10
-9
-10
-9
-10
-9
-9
-9
-8
-9
-10
-9
-10
-10
-10
-9
-10
-9
-9
-9
-9
-9
-9
-8
-7
-8
-9
-8
-8
-8
-9
-9
-9
-10
-10
-10
-9
-9
-9
-9
-8
-9
-9
-8
-9
-8
-9
-9
-9
-8
-9
-9
-9
-9
-9
-8
-9
-9
-9
-9
-9
-9
-9
-9
-9
-10
-9
-9
-9
-10
-10
-9
-10
-9
-9
-10
-10
-9
-9
-10
-10
-9
-9
-9
-9
-9
-9
-8
-9
-10
-10
-10
-10
-12
-11
-11
-10
-10
-10
-10
-10
-9
-9
-9
-10
-10
-10
-10
-9
-10
-10
-10
-9
-9
-9
-10
-8
-7
-8
-9
-8
-8
-9
-8
-8
-8
-8
-9
-9
-10
-10
-9
-10
-9
-11
-11
-10
-10
-9
-10
-10
-9
-10
-10
-9
-9
-10
-10
-9
-9
-9
-9
-9
-9
-9
-9
-8
-9
-9
-9
-9
-9
-9
-8
-8
-8
-9
-9
-9
-8
-8
-9
-9
-9
-9
-9
-9
-9
-9
-9
-9
-9
-9
-9
-9
-9
-9
-9
-9
-9
-9
-8
-9
-9
-9
-9
-9
-9
-9
-9
-8
-8
-9
-9
-9
-9
-10
-9
-9
-10
-9
-9
-10
-10
-9
-10
-9
-9
-8
-8
-10
-9
-9
-9
-9
-9
-10
-10
-9
-10
-10
-10
-10
-10
-10
-9
-10
-11
-10
-9
-9
-9
-9
-9
-9
-10
-11
-10
-9
-10
-9
-9
-9
-9
-10
-9
-9
-8
-8
-9
-9
-10
-9
-9
-9
-9
-9
-9
-10
-10
-10
-10
-11
-10
-9
-9
-10
-10
-10
-10
-10
-9
-11
-10
-11
-10
-10
-9
-9
-10
-10
-9
-8
-8
-9
-8
-8
-9
-9
-8
-8
-9
-9
-8
-7
-7
-7
-8
-8
-7
-8
-8
-8
-8
-8
-8
-8
-9
-9
-8
-9
-9
-9
-9
-9
-9
-9
-10
-9
-9
-9
-9
-10
-10
-10
-10
-10
-10
-9
-10
-10
-10
-9
-10
-9
-9
-9
-9
-9
-9
-9
-9
-9
-9
-8
-9
-9
-8
-8
-8
-8
-8
-9
-8
-8
-9
-9
-9
-9
-9
-9
-10
-11
-10
-9
-9
-10
-10
-10
-9
-9
-9
-9
-9
-10
-10
-10
-10
-11
-10
-10
-10
-10
-10
-9
-9
-10
-9
-9
-8
-9
-9
-9
-9
-9
-9
-10
-10
-10
-9
-9
-9
-8
-9
-8
-8
-9
-9
-8
-9
-9
-9
-9
-9
-9
-10
-10
-10
-9
-9
-9
-10
-9
-8
-8
-9
-9
-9
-8
-8
-8
-8
-9
-9
-8
-8
-8
-8
-9
-8
-8
-8
-8
-8
-8
-9
-8
-8
-9
-9
-8
-9
-9
-9
-9
-9
-9
-9
-9
-9
-10
-9
-8
-8
-9
-9
-9
-10
-10
-10
-10
-10
-9
-9
-9
-9
-9
-9
-9
-9
-10
-10
-10
-9
-10
-10
-9
-9
-9
-9
-9
-9
-9
-9
-9
-10
-9
-9
-9
-8
-9
-9
-8
-9
-9
-10
-9
-9
-10
-10
-8
-8
-9
-8
-9
-10
-10
-10
-10
-9
-8
-10
-10
-10
-9
-9
-9
-9
-9
-8
-9
-8
-9
-9
-9
-9
-10
-10
-9
-10
-10
-10
-10
-10
-9
-10
-10
-9
-9
-10
-9
-9
-9
-9
-10
-9
-9
-9
-8
-9
-9
-9
-9
-9
-9
-9
-9
-9
-9
-9
-8
-10
-10
-9
-9
-8
-8
-8
-8
-8
-8
-8
-8
-8
-7
-8
-8
-8
-9
-8
-8
-9
-9
-10
-9
-9
-10
-10
-10
-10
-9
-9
-9
-8
-9
-10
-8
-10
-9
-9
-9
-9
-10
-10
-10
-10
-9
-9
-9
-10
-9
-10
-9
-9
-9
-9
-9
-8
-8
-9
-10
-9
-9
-9
-10
-9
-9
-9
-9
-9
-9
-9
-8
-9
-9
-9
-10
-10
-9
-9
-10
-10
-9
-9
-9
-9
-10
-9
-10
-10
-9
-9
-8
-8
-9
-8
-7
-8
-7
-7
-7
-8
-9
-9
-8
-9
-9
-10
-10
-10
-11
-10
-10
-9
-8
-9
-9
-9
-9
-9
-9
-10
-10
-10
-9
-9
-10
-9
-10
-9
-8
-8
-9
-9
-8
-8
-8
-9
-9
-8
-7
-7
-8
-8
-7
-8
-8
-7
-9
-9
-9
-9
-8
-8
-9
-9
-8
-9
-9
-9
-9
-9
-9
-9
-9
-10
-9
-9
-9
-9
-9
-9
-9
-8
-9
-8
-8
-8
-8
-9
-8
-9
-10
-9
-9
-10
-10
-10
-11
-10
-10
-10
-9
-9
-9
-9
-10
-9
-9
-8
-9
-9
-9
-9
-10
-9
-9
-9
-9
-10
-10
-9
-10
-9
-10
-9
-9
-9
-9
-10
-10
-9
-9
-9
-9
-9
-9
-10
-10
-10
-8
-9
-9
-9
-9
-7
-8
-8
-7
-8
-8
-8
-8
-7
-8
-9
-9
-10
-9
-9
-10
-10
-10
-9
-10
-11
-11
-10
-11
-11
-10
-10
-10
-10
-10
-10
-10
-9
-9
-9
-8
-8
-7
-8
-9
-8
-7
-8
-8
-8
-8
-9
-8
-8
-8
-7
-8
-8
-8
-7
-8
-8
-8
-8
-8
-9
-8
-8
-9
-8
-9
-9
-9
-9
-9
-9
-9
-9
-9
-10
-10
-10
-9
-10
-11
-10
-9
-10
-10
-10
-10
-9
-9
-10
-9
-9
-9
-9
-9
-8
-9
-8
-9
-9
-9
-9
-9
-9
-9
-9
-9
-8
-9
-9
-9
-9
-9
-9
-9
-10
-9
-9
-9
-9
-8
-9
-9
-9
-8
-8
-9
-8
-8
-9
-9
-9
-10
-9
-10
-11
-10
-10
-9
-8
-9
-9
-9
-8
-8
-8
-9
-10
-10
-9
-9
-9
-10
-9
-9
-9
-9
-9
-9
-10
-9
-9
-9
-9
-10
-9
-9
-9
-10
-9
-9
-9
-9
-8
-8
-8
-8
-8
-8
-8
-8
-7
-8
-8
-7
-8
-7
-8
-8
-8
-8
-8
-8
-8
-8
-7
-9
-9
-9
-8
-9
-9
-9
-9
-9
-9
-9
-9
-9
-8
-8
-8
-9
-9
-9
-9
-10
-10
-10
-11
-10
-9
-9
-10
-10
-10
-9
-9
-9
-8
-9
-9
-8
-9
-9
-9
-9
-8
-9
-9
-9
-8
-9
-9
-9
-9
-8
-9
-9
-9
-8
-9
-9
-9
-9
-9
-9
-9
-9
-8
-8
-8
-9
-9
-9
-9
-8
-10
-10
-9
-11
-11
-11
-10
-10
-10
-10
-10
-8
-8
-8
-8
-8
-8
-8
-9
-9
-9
-9
-9
-10
-10
-9
-11
-10
-10
-10
-10
-9
-9
-9
-10
-10
-9
-9
-9
-9
-8
-8
-9
-8
-9
-8
-8
-7
-8
-8
-8
-8
-8
-8
-7
-8
-8
-8
-8
-8
-8
-8
-9
-8
-9
-8
-9
-9
-8
-9
-8
-8
-8
-8
-9
-9
-8
-8
-8
-8
-9
-9
-9
-9
-10
-9
-9
-10
-10
-10
-10
-10
-9
-9
-10
-9
-10
-9
-9
-9
-9
-8
-9
-9
-8
-8
-9
-9
-9
-10
-9
-10
-10
-9
-9
-9
-9
-9
-9
-9
-9
-8
-8
-9
-8
-8
-9
-8
-9
-9
-8
-10
-9
-9
-9
-9
-9
-9
-10
-10
-9
-9
-9
-9
-9
-10
-9
-9
-8
-8
-8
-8
-8
-7
-7
-8
-8
-8
-9
-9
-9
-8
-8
-10
-9
-10
-10
-9
-10
-9
-10
-9
-9
-10
-9
-9
-10
-9
-9
-8
-8
-8
-8
-8
-8
-8
-8
-8
-8
-8
-7
-8
-10
-9
-8
-9
-8
-8
-8
-8
-8
-8
-9
-8
-7
-8
-8
-7
-7
-8
-9
-9
-9
-9
-9
-9
-9
-8
-10
-9
-9
-10
-9
-10
-9
-9
-10
-9
-9
-10
-9
-8
-9
-9
-9
-8
-9
-9
-9
-8
-9
-9
-9
-10
-9
-10
-10
-8
-8
-9
-9
-9
-9
-9
-9
-9
-9
-8
-9
-9
-8
-8
-9
-9
-9
-10
-8
-9
-9
-9
-9
-9
-10
-9
-8
-8
-9
-10
-9
-10
-9
-8
-8
-9
-10
-10
-9
-8
-8
-8
-7
-8
-7
-8
-8
-8
-9
-8
-8
-8
-8
-9
-10
-9
-9
-10
-10
-10
-10
-11
-10
-10
-10
-10
-9
-9
-8
-9
-8
-8
-7
-6
-7
-8
-8
-9
-8
-9
-9
-8
-9
-9
-9
-9
-9
-8
-8
-8
-7
-8
-8
-9
-8
-8
-8
-8
-8
-8
-8
-9
-9
-9
-9
-8
-8
-8
-8
-8
-9
-8
-8
-9
-8
-8
-9
-9
-9
-9
-9
-10
-10
-9
-9
-10
-9
-9
-10
-9
-9
-9
-10
-9
-10
-9
-9
-9
-8
-9
-9
-10
-9
-9
-9
-8
-9
-9
-9
-8
-7
-8
-8
-8
-9
-9
-8
-8
-8
-9
-9
-8
-9
-8
-8
-9
-8
-10
-10
-9
-9
-9
-9
-9
-10
-10
-8
-9
-9
-8
-8
-8
-8
-8
-8
-9
-8
-8
-8
-9
-9
-9
-9
-9
-10
-10
-9
-10
-10
-9
-9
-9
-9
-9
-8
-9
-9
-9
-9
-8
-9
-8
-7
-8
-8
-8
-8
-9
-9
-8
-8
-8
-8
-8
-8
-8
-9
-8
-8
-9
-8
-9
-8
-8
-8
-9
-10
-8
-8
-9
-7
-9
-8
-8
-8
-8
-8
-9
-9
-8
-9
-9
-8
-10
-10
-10
-10
-10
-10
-10
-9
-10
-10
-9
-9
-9
-9
-9
-9
-9
-9
-8
-8
-8
-8
-9
-9
-9
-9
-9
-9
-8
-9
-8
-8
-8
-9
-9
-8
-8
-8
-8
-9
-9
-8
-8
-9
-10
-9
-9
-9
-9
-8
-7
-7
-8
-9
-9
-9
-9
-9
-9
-9
-9
-9
-9
-8
-9
-9
-8
-8
-8
-8
-8
-8
-9
-9
-8
-9
-9
-9
-9
-8
-9
-9
-8
-9
-9
-9
-8
-8
-9
-8
-8
-8
-8
-7
-8
-8
-7
-7
-8
-8
-7
-8
-8
-8
-8
-8
-8
-8
-9
-8
-9
-8
-8
-9
-9
-9
-9
-9
-9
-8
-8
-8
-8
-9
-9
-9
-8
-8
-8
-8
-8
-9
-8
-8
-9
-8
-9
-8
-9
-9
-9
-10
-9
-9
-9
-9
-9
-8
-9
-9
-9
-9
-8
-8
-9
-9
-8
-9
-9
-9
-10
-10
-9
-9
-10
-9
-9
-10
-9
-9
-9
-9
-9
-9
-9
-8
-8
-9
-8
-8
-8
-9
-9
-9
-8
-8
-9
-9
-9
-9
-10
-11
-10
-10
-9
-10
-10
-9
-9
-9
-8
-8
-8
-8
-8
-8
-7
-8
-8
-8
-8
-9
-9
-9
-10
-9
-10
-9
-9
-10
-9
-9
-9
-9
-8
-8
-10
-9
-9
-9
-8
-8
-8
-8
-9
-8
-8
-8
-8
-8
-8
-8
-8
-7
-8
-7
-8
-8
-7
-8
-7
-8
-8
-8
-9
-9
-9
-10
-8
-9
-9
-8
-8
-8
-8
-8
-8
-8
-9
-9
-9
-10
-10
-9
-10
-11
-10
-11
-10
-10
-10
-10
-9
-9
-9
-8
-8
-9
-8
-8
-10
-9
-9
-10
-9
-9
-10
-9
-9
-9
-9
-7
-8
-8
-8
-8
-8
-8
-8
-8
-7
-7
-7
-7
-8
-8
-8
-8
-8
-9
-10
-9
-9
-10
-9
-9
-9
-9
-10
-9
-9
-9
-9
-9
-8
-9
-9
-9
-9
-9
-9
-9
-10
-9
-9
-9
-8
-9
-9
-9
-9
-9
-10
-9
-9
-9
-8
-9
-9
-9
-9
-8
-8
-9
-8
-9
-9
-9
-8
-8
-8
-8
-8
-7
-7
-7
-6
-7
-8
-8
-8
-8
-8
-8
-8
-9
-8
-9
-9
-8
-8
-8
-8
-8
-8
-8
-8
-8
-8
-9
-9
-9
-9
-9
-9
-9
-9
-8
-8
-8
-9
-8
-8
-8
-8
-8
-9
-9
-9
-8
-8
-8
-8
-9
-8
-9
-9
-10
-10
-9
-10
-9
-10
-9
-9
-9
-10
-10
-9
-9
-9
-9
-9
-8
-8
-8
-9
-8
-8
-9
-8
-9
-9
-8
-9
-8
-8
-8
-8
-8
-8
-8
-8
-8
-8
-9
-9
-9
-10
-9
-9
-9
-9
-8
-7
-8
-9
-8
-8
-8
-8
-9
-8
-9
-9
-9
-9
-9
-9
-10
-10
-10
-10
-9
-9
-9
-8
-8
-8
-8
-8
-9
-9
-8
-8
-9
-9
-8
-8
-9
-9
-8
-9
-7
-7
-7
-7
-7
-7
-7
-8
-8
-7
-7
-8
-7
-7
-7
-8
-7
-8
-9
-8
-8
-8
-8
-9
-9
-8
-8
-9
-8
-9
-8
-9
-9
-8
-8
-8
-9
-8
-8
-9
-9
-9
-9
-8
-8
-10
-10
-10
-10
-9
-9
-9
-9
-9
-10
-9
-9
-9
-9
-9
-8
-9
-8
-7
-8
-8
-8
-8
-9
-9
-9
-9
-8
-8
-8
-8
-8
-7
-7
-8
-8
-8
-8
-8
-8
-8
-7
-8
-8
-8
-9
-8
-9
-9
-9
-9
-9
-9
-9
-9
-8
-9
-9
-9
-9
-9
-9
-9
-8
-9
-8
-9
-9
-9
-10
-9
-9
-10
-9
-10
-9
-9
-8
-8
-8
-8
-8
-9
-9
-8
-9
-8
-8
-8
-8
-7
-8
-8
-7
-8
-9
-8
-7
-8
-8
-8
-8
-8
-8
-7
-7
-8
-8
-8
-8
-8
-9
-9
-9
-9
-9
-9
-9
-9
-9
-8
-9
-8
-8
-9
-8
-8
-8
-9
-9
-9
-9
-9
-9
-9
-9
-9
-9
-9
-9
-9
-9
-9
-9
-9
-9
-10
-9
-9
-9
-10
-10
-10
-9
-9
-9
-10
-9
-9
-10
-9
-9
-9
-9
-10
-9
-8
-8
-9
-8
-9
-8
-8
-9
-8
-8
-9
-7
-7
-8
-7
-7
-7
-8
-8
-7
-8
-7
-8
-8
-7
-8
-9
-10
-9
-8
-9
-9
-9
-9
-8
-8
-9
-9
-9
-9
-8
-8
-9
-9
-9
-9
-9
-8
-9
-9
-9
-9
-9
-10
-10
-10
-9
-9
-8
-9
-8
-8
-8
-7
-7
-7
-7
-7
-7
-7
-7
-8
-7
-7
-7
-8
-8
-8
-8
-8
-8
-8
-9
-9
-9
-9
-8
-8
-8
-8
-8
-8
-9
-8
-8
-9
-9
-10
-9
-10
-9
-9
-9
-9
-10
-9
-9
-9
-9
-9
-9
-10
-9
-9
-9
-9
-9
-9
-9
-9
-8
-9
-9
-9
-9
-9
-8
-8
-10
-9
-8
-8
-8
-7
-8
-8
-7
-8
-7
-8
-8
-8
-8
-8
-8
-8
-8
-8
-8
-7
-9
-9
-8
-9
-9
-9
-10
-9
-10
-9
-9
-9
-10
-9
-9
-9
-9
-9
-9
-8
-9
-9
-9
-9
-9