
-1
0
1
1
0
1
1
0
0
0
0
-1
-1
0
1
0
-1
-2
-2
-3
-2
-1
0
-1
-1
-2
-4
-1
0
0
-2
-1
1
1
0
-2
1
0
-2
-2
-2
-2
-3
-4
-5
-4
-5
-5
-2
-4
-4
-3
-2
-2
-2
-1
-1
-2
-2
-3
-2
-1
-1
-1
0
-1
-2
-2
-1
1
1
0
0
1
2
-1
-4
-2
0
-3
-5
-3
-3
-4
-2
-1
-1
-2
-2
-2
-1
-2
-2
-1
-4
-6
-5
-3
-3
-4
-5
-5
-4
-4
-4
-4
-1
-2
-2
-1
-1
-1
-2
-1
-1
0
0
-1
-1
-2
-2
-3
-1
1
0
0
0
1
1
2
0
-2
-2
-2
0
1
0
-1
-1
-2
-4
-3
-1
-1
-3
-3
-3
-2
-3
-5
-3
-2
0
0
0
-2
-4
-3
-4
-3
-2
-1
-2
-1
-2
-2
1
1
0
0
0
2
3
2
2
1
-1
-2
-2
-2
-2
-2
-3
-3
-2
-3
-1
-1
-2
-3
-3
-2
-3
-3
-2
-2
-2
-2
-2
-2
-4
-5
-3
-3
-4
-3
-5
-5
-2
-2
-2
0
-2
-1
-1
-2
-1
-1
-2
-2
-2
-4
-5
-3
-2
-2
-3
-2
0
-2
-1
-1
0
1
-2
-3
-3
-3
-2
0
-1
-1
1
0
-1
-3
-3
-1
-2
-2
-3
-2
0
0
-2
-4
-3
-2
-3
-4
-3
-4
-4
-1
-2
-4
-2
-2
-4
-2
-2
-2
-1
-1
0
1
-1
-2
-2
0
-1
0
1
0
0
-1
0
1
1
3
3
1
1
0
-1
-1
-1
0
1
0
-2
-3
-3
-4
-3
-2
-1
-2
-4
-1
-3
-4
-1
-1
-3
-5
-4
-4
-3
-1
-2
-1
-2
-2
-1
-2
-2
-2
-2
-2
-4
-3
-2
-1
-1
-1
0
0
0
0
-1
-1
-1
-1
-1
-1
1
-1
-3
-2
-2
-2
-2
-2
-1
0
-2
-4
-5
-2
-2
-3
-2
-3
-3
-4
-4
-3
-3
-4
-6
-5
-2
0
-1
-1
-2
-3
-2
-2
-3
-2
-2
-2
-1
-2
-1
-3
-3
0
0
0
0
-1
0
1
0
0
0
-1
0
1
-2
-2
0
0
-3
-4
-3
-3
-1
-2
-3
-2
-3
-3
-2
-4
-3
0
0
0
1
1
0
-2
-3
-2
-1
-1
1
3
0
-2
-2
-2
0
0
1
1
0
-1
-2
-1
-1
-1
2
0
-3
-2
-1
-2
-1
-1
-1
0
-2
-3
-3
-3
-3
-3
-4
-4
-3
-2
-2
-3
-4
-3
-4
-5
-5
-5
-4
-2
-1
-2
-3
-4
-4
-2
-2
0
-1
-2
-1
-2
-1
-1
0
0
0
-1
0
0
0
-1
-1
-1
-1
-1
-3
-3
0
-1
-1
0
0
-3
-5
-6
-4
-3
-3
-2
-3
-3
-2
-2
-3
-2
-3
-3
-3
-3
-3
-2
-2
-1
-1
-1
-1
-3
-1
0
-3
-4
-2
-1
-1
-2
-2
-2
-3
-3
-2
0
0
3
3
2
1
2
2
1
0
0
1
1
-1
-1
-3
-2
-3
-2
-1
-2
-1
-3
-3
0
0
-2
-4
-4
-3
-2
-3
-4
-4
-1
-2
-3
-1
-2
-5
-4
-3
0
2
0
0
0
0
-1
0
0
0
-2
-3
-2
-3
-2
-2
-5
-2
1
1
0
0
0
-1
1
0
-1
2
1
0
-1
-4
-4
-4
-4
-5
-6
-4
-3
-2
-4
-3
-3
-1
-1
-3
-2
-1
-2
-2
-2
-4
-5
-5
-3
-4
-5
-4
-3
-3
-2
-1
-2
-2
-1
0
1
2
0
1
2
1
1
1
1
0
-2
-1
0
0
0
-1
0
0
-4
-4
-3
-4
-3
-2
-3
-4
-4
-4
-4
-3
-4
-3
-2
-1
0
0
0
-2
-1
0
0
0
0
0
1
-1
-1
0
0
0
2
2
1
0
-1
1
0
-2
0
0
-2
-1
-1
-2
-1
0
-2
-4
-5
-4
-4
-2
-1
-4
-5
-4
-3
-4
-4
-5
-3
-2
-1
-2
-2
-1
-1
-1
0
-1
-2
-3
-1
0
-3
-3
-1
0
-1
-1
-2
-3
-1
-1
0
0
-1
0
1
-1
-1
-1
-2
0
-2
-3
-2
-3
-3
-4
-4
-3
-3
-3
-2
-3
-3
-3
-5
-4
-4
-4
-4
-4
-4
-4
-3
-2
-2
-1
-1
0
0
1
2
1
1
0
1
-1
0
0
-1
-1
-2
-1
0
-1
-1
-1
-2
-2
0
0
-2
-4
-2
0
-1
-2
-2
-1
0
-1
-4
-3
-3
-4
-5
-4
-3
-4
-3
-3
-2
-1
-1
0
-1
-3
-2
-3
-3
-1
-1
-3
-3
-1
0
-1
0
0
0
1
1
1
3
2
2
1
1
1
1
1
2
1
-2
-2
-2
-2
-2
-3
-1
-1
-1
-1
-3
-5
-5
-4
-4
-5
-6
-6
-5
-4
-3
-4
-4
-3
-3
-4
-4
-4
-4
-2
-4
-4
-2
-2
0
-1
-1
0
0
0
1
0
-1
-1
-2
-1
-1
0
2
1
-1
0
2
0
0
1
-1
-1
-2
-2
0
-1
-2
-1
-2
-2
-2
-3
-4
-4
-2
-2
-3
-1
-2
-3
-3
-3
-3
-3
-3
-4
-4
-5
-4
-5
-3
-1
-2
-1
-2
-1
1
1
-1
-2
-1
0
-1
-1
-1
0
0
0
-1
0
0
1
3
2
2
3
3
3
2
1
1
2
0
-2
-2
-2
-2
-4
-4
-3
-4
-3
-4
-5
-4
-3
-5
-5
-5
-6
-4
-4
-3
-4
-5
-2
-2
-1
-1
0
1
1
1
0
1
-1
-1
0
0
0
0
2
3
2
1
1
1
0
-2
-3
-3
-2
-1
-2
-3
-4
-6
-6
-5
-4
-1
-4
-6
-3
-3
-3
-4
-5
-5
-6
-6
-5
-4
-5
-6
-5
-5
-2
0
0
1
1
2
4
2
1
2
4
7
6
5
5
4
2
2
1
1
0
-2
-1
-2
-4
-4
-4
-3
-5
-5
-3
-1
-4
-6
-5
-6
-8
-7
-5
-3
-3
-5
-4
-2
1
-1
-3
-1
-3
-3
-3
-3
-2
-1
-1
0
3
3
3
2
2
2
0
-2
-4
-5
-7
-8
-7
-5
-4
-1
4
7
10
11
10
11
10
8
6
2
-2
-7
-11
-14
-14
-15
-13
-10
-7
-3
-1
3
8
14
16
16
12
2
-8
-19
-26
-31
-29
-19
-12
-10
-5
-1
6
12
21
28
34
41
41
38
29
16
-5
-34
-61
-81
-75
-55
-29
-1
23
37
42
43
33
22
7
-6
-17
-28
-31
-34
-36
-37
-40
-46
-50
-52
-52
-42
-18
20
55
71
65
47
28
14
7
6
7
7
11
14
17
19
23
26
27
29
26
26
27
24
19
14
7
-1
-11
-18
-20
-20
-18
-19
-29
-39
-51
-58
-60
-55
-51
-49
-40
-30
-21
-15
-10
-6
0
2
2
-2
-3
-1
0
3
4
12
23
35
43
45
38
29
24
18
18
19
23
23
21
18
13
13
15
19
20
22
25
24
30
24
8
-4
-21
-32
-42
-47
-47
-47
-44
-44
-42
-40
-38
-37
-38
-31
-20
-13
-6
0
3
0
-4
-2
-1
-1
1
6
11
13
9
-1
-14
-24
-40
-54
-54
-39
-16
10
35
52
57
59
62
64
61
52
41
35
28
23
23
25
24
18
7
-5
-17
-33
-42
-44
-41
-36
-35
-39
-41
-32
-14
9
29
40
38
27
16
3
-15
-26
-31
-35
-37
-37
-35
-31
-26
-22
-20
-19
-18
-15
-14
-14
-16
-20
-18
-8
4
16
24
31
35
35
32
26
15
7
1
2
7
6
-5
-18
-32
-39
-33
-22
-6
14
26
36
46
49
44
42
43
38
33
26
21
15
7
6
5
10
16
11
0
-14
-34
-53
-59
-62
-64
-58
-49
-42
-32
-20
-13
-8
-4
5
16
24
25
21
12
-1
-9
-19
-24
-23
-25
-24
-24
-25
-24
-21
-17
-14
-13
-10
-9
-7
-2
3
10
16
23
29
33
37
34
29
21
14
9
-1
-8
-10
-9
-6
-4
-3
1
10
16
19
20
24
24
19
20
20
18
15
14
11
7
6
2
-3
-3
-4
-7
-10
-14
-15
-17
-15
-13
-19
-22
-23
-23
-22
-24
-24
-26
-30
-31
-30
-28
-26
-25
-24
-24
-19
-15
-14
-12
-9
-5
-2
1
1
2
4
4
5
7
11
15
15
17
16
14
15
16
19
20
17
18
18
20
19
19
21
22
20
20
19
16
16
14
14
12
9
7
6
2
-2
-5
-5
-6
-9
-14
-18
-20
-21
-19
-23
-23
-22
-26
-28
-29
-27
-24
-25
-23
-26
-24
-21
-18
-19
-21
-18
-16
-14
-12
-11
-10
-6
-5
-3
0
5
4
3
7
9
11
10
11
14
15
17
19
18
17
20
21
20
19
17
17
15
12
10
10
10
9
7
6
4
2
3
4
2
4
2
1
1
-2
-2
-5
-9
-11
-12
-12
-13
-15
-15
-17
-19
-20
-19
-17
-17
-19
-18
-16
-17
-17
-15
-13
-12
-10
-7
-4
-2
0
2
2
2
2
3
3
3
1
1
2
2
2
4
3
3
3
6
7
5
8
9
10
9
9
11
9
9
10
7
5
5
4
4
3
1
1
-1
-2
-4
-6
-6
-7
-9
-10
-11
-13
-13
-12
-10
-8
-7
-5
-6
-7
-7
-6
-3
-3
-3
-1
-1
-3
-3
-2
-4
-5
-5
-5
-5
-5
-4
-2
-1
0
-1
0
2
4
4
6
5
2
3
3
1
0
0
-2
-2
-2
-3
-2
-2
-1
-3
-3
-1
-1
2
2
1
-1
0
1
-1
-2
-3
-3
-3
-4
-5
-4
-4
-3
-4
-3
-2
-2
-3
-4
-4
-5
-4
-3
-3
-2
-1
0
-1
0
-1
-1
0
-1
0
-1
-2
1
1
0
-2
-1
1
-2
-2
0
-1
-2
-1
-2
-3
-2
1
0
0
1
-1
1
1
1
1
-1
1
1
1
2
0
0
0
-1
-2
-2
-1
-1
-3
-4
-4
-4
-5
-4
-4
-4
-4
-3
-3
-4
-4
-4
-5
-3
-3
-4
-4
-4
-3
-3
-4
-6
-4
-5
-4
-4
-4
-3
-4
-2
-2
-2
-2
-3
-2
-2
-4
-5
-4
0
3
2
1
0
0
0
1
1
1
1
0
0
2
4
2
1
1
1
0
-1
0
0
-1
-1
-1
1
2
0
0
-1
-2
-3
-2
-2
-2
-3
-3
-4
-5
-5
-4
-4
-5
-4
-4
-2
-2
-3
-2
0
-2
-3
-2
0
0
-2
-1
-1
-2
-1
-1
-1
0
1
1
-1
-1
1
1
1
0
-2
-2
-2
-3
-2
-4
-5
-1
-1
-4
-4
-4
-3
-3
-4
-3
-3
-1
-1
-1
1
1
1
1
-2
-3
-4
-4
-5
-5
-3
-3
-2
-2
-2
-3
-5
-2
0
-1
-2
-1
-1
-1
0
0
-1
-1
-2
-1
1
-1
-1
-2
-2
0
0
-2
-3
-3
-4
-3
-3
-6
-4
-3
-3
-2
-1
-2
-4
-3
-2
-1
-1
-2
-3
-2
-2
-2
-2
-1
-1
-1
-1
-2
-1
-1
0
0
-1
1
1
0
0
0
0
1
2
2
2
0
-2
0
-1
-1
-1
-1
0
0
0
-2
-4
-4
-3
-3
-3
-4
-3
-2
-2
-2
-2
-1
-1
-1
-2
-2
-2
-2
-1
-4
-4
-4
-1
1
0
0
1
0
-2
-3
-2
-1
0
-2
-1
0
-1
-1
0
3
3
0
-2
-1
0
-2
-2
-1
0
1
-1
-2
-4
-3
-2
-4
-4
-4
-4
-4
-4
-4
-5
-6
-5
-6
-6
-4
-3
-2
-3
-1
-1
-2
-3
-3
-2
0
-2
-3
-2
-1
-2
-3
-1
0
0
0
1
2
1
0
-1
-1
0
0
1
0
-1
-1
0
0
-1
-2
-2
-2
-3
-6
-4
-1
-1
0
0
-2
-2
-2
-1
-1
-2
-2
-1
-3
-5
-4
-2
-1
-1
-2
-1
-1
-2
-2
-3
0
0
0
-1
-2
-1
-1
-2
-1
0
0
-1
-2
-3
-3
-2
-2
2
1
-1
-2
-4
-2
-3
-1
0
-2
-2
-2
-2
-2
-3
-3
-4
-3
-3
-3
-1
-2
0
1
1
0
0
1
1
0
-4
-5
-3
-2
-3
-3
-1
-2
-4
-3
-4
-3
-2
0
0
-1
-1
-2
-2
-3
-3
-2
-2
-2
-3
-4
-6
-6
-5
-5
-4
-2
-3
-3
-2
-2
-1
-1
0
2
0
0
-2
-3
-3
-4
-4
-2
-2
-1
-1
-3
-4
-3
-2
-1
1
0
-1
-1
1
2
1
0
1
1
0
0
0
0
-1
-2
-2
-2
-1
0
1
0
-2
-2
-2
-2
-1
-3
-2
-3
-4
-3
-6
-5
-3
-3
-2
-3
-3
-3
-3
-3
-3
-1
-2
-3
-2
-1
-1
0
-1
-1
0
1
3
2
0
0
-1
-1
-2
-2
-1
-1
0
1
0
0
-1
-2
-2
-2
-2
-2
-3
-5
-4
-4
-3
-2
-1
-2
-2
1
0
-1
-2
-2
-2
-2
-1
-3
-3
-2
-3
-4
-6
-5
-3
-2
-2
-2
-3
-2
-2
-1
-1
-3
-3
-3
-3
-2
-2
-1
-1
-3
-2
-1
-2
-3
-3
-2
-2
-1
-1
-1
0
0
0
0
0
0
-3
-4
-4
-1
-1
-2
-3
-3
-2
-3
-3
-5
-3
-2
-1
0
-1
-1
1
1
1
0
-1
2
2
1
0
-1
0
-1
-1
-2
-2
-1
0
0
-2
0
1
-1
-1
-1
-3
-3
-3
-3
-3
-3
-2
-2
-1
-2
-2
-1
-2
-2
0
0
-2
-2
-2
-2
-3
-3
-2
-4
-6
-4
-3
-3
-4
-4
-2
-1
-1
-1
-2
-3
-2
-1
-1
0
0
0
0
-1
0
0
1
0
1
0
-1
-1
-2
-2
-2
-2
-3
-2
-3
-3
-3
-3
-1
-2
-5
-4
-3
-2
-4
-3
-2
-2
-2
-5
-4
-3
-4
-4
-4
-3
-3
-3
-2
-3
-2
-1
-1
-1
-3
-3
-2
-2
-1
-1
1
2
1
0
0
-1
0
-2
-3
-1
-1
-1
-1
-3
-4
-3
-3
-3
-3
-1
0
-3
-2
-3
-3
0
1
1
1
1
0
-2
-3
-1
-1
-3
-3
-4
-5
-3
-1
-1
-1
0
0
0
2
1
0
0
0
2
1
0
-1
1
1
0
0
-1
-2
-2
-2
-1
-3
-4
-3
-2
-3
-4
-4
-6
-5
-4
-3
-2
-3
-4
-5
-3
-1
-2
-4
-4
-4
-3
-2
-1
0
-1
-2
-2
-2
0
2
0
-2
-1
-2
0
0
-1
-1
0
-2
-2
0
1
0
-2
-1
-3
-2
-4
-4
-2
-2
-3
-5
-3
-4
-4
-3
-3
-3
-2
-1
-2
-4
-5
-5
-4
-3
-2
-3
-4
-3
-1
-1
-2
-3
-3
-1
-1
0
-1
-1
-1
-2
-3
-1
1
0
0
-1
1
1
1
-1
-1
-1
1
1
2
2
1
0
-1
-1
-3
-3
-2
-2
-2
-3
-3
-1
-2
-1
-2
-3
-3
-4
-2
-2
-3
-3
-2
1
-1
-2
0
-2
-3
-1
1
0
-1
-1
-2
-2
-2
-1
-2
-2
-2
-3
-2
-2
-3
-2
-1
-1
1
0
-3
-4
-2
0
-1
-1
-2
-2
-3
-3
0
0
-2
-3
-3
-2
-1
-1
-2
-2
-2
-1
-1
-1
-2
-3
-3
-5
-3
-1
-3
-4
-5
-5
-4
-4
-3
-2
-4
-5
-4
-4
-3
0
1
0
-1
-1
-2
-1
0
0
-1
-1
-2
-4
-4
-3
-1
0
0
1
0
0
0
-2
-1
-1
0
-1
-4
-4
-4
-3
-5
-4
-4
-3
-1
-1
-2
0
1
0
0
2
1
0
0
-1
-1
-1
-1
-1
-2
-1
-1
-3
-2
-1
0
-1
-2
0
2
0
-1
-1
-2
0
1
0
-2
-2
-3
-3
-4
-5
-5
-5
-5
-4
-5
-3
-1
-2
-2
-2
-2
-1
-2
-2
-2
-1
-1
-2
-3
-1
-2
-4
-3
-1
-1
-1
-1
0
-2
-2
0
0
-1
0
-1
-2
-1
0
0
0
-1
-4
-4
-2
-2
-4
-3
-3
-4
-3
-2
-2
-2
-3
-3
-3
-4
-3
-4
-3
-2
-3
-3
-3
-1
-2
-1
-3
-4
-3
-3
-1
-2
0
-1
-1
2
1
-1
-2
-1
0
-3
-3
-2
-2
0
-2
-1
0
-1
1
0
-1
-3
-2
0
0
-1
-1
-1
-2
0
-2
-4
-3
-2
-1
-1
-1
-2
-1
-1
-2
-2
0
1
0
-2
-1
0
-2
-1
-2
-3
-1
0
-2
-3
-2
0
2
0
-3
-1
-1
-2
-2
-1
1
-1
-1
0
-2
-3
-3
-4
-4
-4
-3
-1
0
-1
-1
-4
-3
-4
-3
-1
-3
-3
-4
-4
-5
-4
-4
-3
-2
-1
1
2
1
2
1
2
1
0
0
0
0
-1
-4
-3
0
-1
-2
-2
-3
-3
-1
-2
-4
-4
-4
-3
-1
-2
-3
-1
-1
-1
-2
-4
-4
-4
-5
-5
-6
-6
-5
-3
-2
-1
1
1
1
1
2
1
0
0
1
1
0
1
0
0
1
0
-2
-3
-3
-2
-2
-1
-2
-1
-1
-1
-1
-1
-3
-2
-2
-2
-2
-2
-2
-3
-1
-2
-2
-1
-2
-1
-1
0
0
-1
0
0
-1
-1
-1
-1
-1
1
-1
0
0
0
0
1
1
0
0
-1
-2
-2
-2
-4
-5
-3
0
0
-2
-3
-3
-4
-5
-2
-1
-4
-5
-4
-4
-3
-2
-3
-4
-2
-1
-1
0
0
-1
-1
-2
-3
-2
-2
-2
-1
-3
-3
0
-1
0
0
-2
-1
-1
-2
0
1
-1
-1
-2
-2
-2
-3
-3
-2
-3
-4
-3
-1
-2
-2
-2
-2
-1
0
0
1
0
-1
-1
2
1
-1
-1
-2
0
0
-1
-2
-4
-5
-4
-7
-9
-10
-11
-11
-10
-9
-7
-5
-3
-1
-1
0
1
2
3
3
2
0
1
3
2
4
6
6
7
7
6
6
6
5
4
3
1
1
0
-2
-2
-2
-4
-4
-4
-6
-6
-6
-7
-8
-10
-10
-9
-10
-8
-9
-10
-9
-9
-7
-6
-7
-5
-3
-3
-2
-1
0
2
4
5
5
6
6
7
8
7
6
7
8
6
7
6
5
4
3
0
0
0
-1
-3
-4
-5
-7
-6
-7
-9
-8
-8
-9
-8
-10
-11
-12
-12
-12
-13
-15
-14
-12
-10
-9
-7
-6
-3
0
1
3
4
4
8
8
9
9
7
9
9
8
9
6
6
6
8
8
6
4
4
1
-2
-2
-4
-6
-8
-10
-12
-11
-10
-10
-9
-6
-2
-1
-2
-5
-7
-6
-7
-9
-9
-10
-12
-9
-6
-1
3
6
9
9
8
9
10
9
7
2
2
-1
-5
-10
-14
-18
-19
-19
-18
-13
-9
-2
7
10
8
9
11
13
14
22
31
37
41
43
43
40
30
17
-1
-21
-38
-48
-53
-60
-57
-47
-35
-29
-27
-30
-36
-38
-41
-41
-42
-39
-29
-15
4
24
38
47
51
61
70
69
66
64
63
43
17
-1
-4
5
14
21
25
22
18
6
-7
-18
-35
-49
-63
-68
-68
-68
-64
-60
-59
-62
-66
-70
-49
-2
28
30
13
-7
-12
-6
-1
7
19
25
36
45
55
57
54
54
54
51
49
46
42
47
56
58
47
18
-29
-76
-100
-82
-51
-30
-18
-12
-10
-10
-16
-24
-30
-33
-33
-36
-40
-42
-40
-35
-33
-31
-36
-43
-47
-34
11
59
82
66
39
22
12
11
12
15
21
27
34
34
34
33
29
32
32
28
28
30
35
43
49
41
1
-52
-83
-79
-54
-36
-22
-14
-16
-19
-27
-30
-35
-40
-38
-37
-37
-37
-36
-32
-28
-29
-34
-42
-43
-26
9
42
45
23
12
11
13
16
15
22
31
35
42
45
48
49
43
39
40
38
34
29
28
36
45
41
15
-31
-75
-91
-75
-48
-27
-19
-14
-13
-19
-26
-32
-37
-38
-41
-41
-37
-37
-37
-32
-31
-33
-37
-47
-45
-14
29
60
53
34
23
13
11
11
16
22
30
38
42
44
42
42
39
35
37
36
34
33
32
26
18
9
-4
-17
-26
-28
-30
-30
-29
-31
-37
-41
-44
-46
-47
-49
-46
-42
-39
-37
-34
-30
-27
-27
-25
-22
-21
-14
-3
2
9
19
24
28
31
34
36
36
40
44
46
45
40
36
32
29
29
25
23
23
19
13
13
13
7
2
1
-7
-20
-29
-33
-36
-39
-43
-49
-50
-46
-45
-44
-40
-35
-32
-32
-29
-23
-23
-20
-14
-12
-9
-11
-13
-9
-2
2
5
12
20
24
26
32
35
37
39
40
41
40
38
35
30
26
26
23
20
18
12
7
5
2
1
0
1
-2
-10
-18
-22
-25
-28
-32
-37
-37
-40
-44
-43
-38
-32
-30
-30
-30
-26
-22
-20
-17
-13
-8
-7
-6
-3
2
8
10
12
16
15
18
21
22
27
26
24
25
24
24
25
23
21
21
18
17
13
10
9
6
1
0
-1
-5
-6
-8
-11
-12
-15
-15
-14
-15
-17
-17
-18
-18
-16
-15
-13
-14
-15
-14
-14
-15
-15
-13
-9
-8
-9
-4
0
-2
-4
-3
-2
0
1
2
3
1
2
5
5
5
5
6
7
6
3
3
3
4
5
5
4
1
3
5
2
1
1
1
-1
-1
2
2
1
0
-2
-3
-3
-4
-5
-5
-7
-8
-9
-10
-9
-8
-8
-5
-4
-5
-4
-4
-2
-2
-2
-2
-3
-1
1
1
0
2
2
2
2
3
3
4
2
1
-2
-3
-2
-3
-3
-2
-1
-1
-1
-3
-3
-4
-3
-2
-2
-3
-2
-3
-3
-2
-2
-3
-3
-5
-4
-5
-4
-4
-5
-3
-3
-3
-2
-2
-1
-1
-1
1
2
2
1
1
1
0
2
1
1
2
1
2
2
2
3
3
3
3
1
0
-1
-1
0
-1
0
-1
-3
-4
-5
-5
-6
-5
-5
-6
-6
-6
-5
-6
-8
-9
-8
-8
-9
-8
-7
-7
-5
-4
-3
-3
-2
-1
-2
-1
1
3
2
-1
-1
1
2
2
2
1
2
3
2
0
0
0
-1
0
1
2
0
-1
-2
-1
1
-2
-2
-1
-1
-2
-1
-1
-3
-2
-1
-2
-2
-2
-1
-2
-4
-4
-3
-2
-3
-4
-6
-5
-4
-5
-3
-3
-4
-3
-3
-2
0
0
1
1
1
1
1
0
0
-1
0
1
1
1
-1
1
2
1
1
0
0
0
-2
-2
-2
-1
-1
-1
-2
-4
-1
0
-1
-2
-1
-1
-4
-4
-4
-4
-3
-5
-5
-3
-2
-3
-4
-1
2
1
-2
-2
0
0
-1
-2
-2
-2
-1
-2
-2
-3
-4
-2
-3
-5
-6
-5
-2
-2
-2
-2
-3
-2
-2
-2
-2
-2
-2
-2
-1
-2
-1
-1
-2
-1
-1
1
1
0
-1
-1
-2
-4
-4
-3
-2
-2
-3
-3
-2
-2
-1
0
0
1
0
-2
-1
0
0
1
-1
-1
-1
-1
1
0
0
-1
0
-2
-2
0
0
0
-1
-3
-3
-2
-1
-1
-1
-2
-3
-3
-3
-2
-2
-5
-4
-2
-2
0
-1
-2
-2
-3
-2
-1
-1
0
2
1
0
0
-1
-1
-1
-1
0
-2
-2
0
-2
-5
-3
-2
-2
-2
-2
-1
-1
-1
-1
-2
-3
-2
-2
-2
-2
-2
1
1
-1
0
0
0
-1
0
-1
-2
-3
-2
-1
0
-2
-3
-2
-5
-5
-4
-4
-4
-5
-5
-3
-4
-4
-3
-3
-4
-2
-1
-2
-2
-2
-3
-4
-2
0
0
0
0
0
-2
-3
-2
0
1
0
-1
-3
-2
-3
-2
-2
-2
-1
-2
-3
-2
-2
-3
-4
-2
-2
-2
-2
-1
-1
-1
1
1
1
3
1
1
1
1
-1
-1
-1
-1
-1
0
2
1
-3
-4
-2
0
-1
-1
-2
-1
1
0
-2
-3
-3
-5
-6
-4
-3
-2
-2
-2
-3
-5
-3
-3
-3
0
-2
-3
-2
0
1
0
-2
-1
1
-1
-1
-2
-2
-1
-1
0
0
0
1
-1
-1
-1
-1
-2
-2
-2
-2
-1
-2
-2
-4
-4
-3
-2
-4
-4
-2
-3
-1
-1
-2
-2
-4
-5
-4
-4
-3
-3
-3
-1
-3
-4
-3
-4
-4
-4
-4
-1
-1
1
1
0
-1
-1
-1
-1
0
3
4
2
0
1
1
0
-2
-2
-1
-2
-2
-1
0
0
-1
-2
-3
-4
-4
-3
-3
-3
-4
-5
-4
-3
-4
-3
-2
-3
-4
-6
-5
-4
-2
0
1
0
-1
-2
-1
0
0
1
2
1
2
4
2
3
3
2
2
1
0
0
-2
0
-1
0
1
1
1
0
0
0
1
-2
-3
-2
-4
-4
-3
-5
-3
-2
-3
-4
-4
-5
-6
-4
-4
-5
-6
-6
-5
-4
-4
-4
-4
-4
-5
-2
-2
-2
0
0
1
0
1
1
0
2
3
2
3
3
3
1
0
-2
-2
0
0
-3
-3
-4
-4
-4
-4
-5
-4
-2
-2
-1
-1
-4
-5
-5
-3
-3
-2
-2
-4
-4
-3
-2
-4
-5
-3
-2
-1
-2
-3
-3
-3
-2
-1
-1
0
0
0
1
0
-1
0
-1
0
1
1
0
1
1
1
0
1
2
0
-1
-2
-1
-2
-2
-2
-2
-2
-3
-3
-3
-3
-1
-2
-4
-2
-2
-4
-6
-4
-3
-2
-2
-2
-2
-4
-2
-2
-4
-2
0
1
0
-1
-1
-1
-1
-1
0
2
3
1
1
2
2
1
-1
-3
-3
-4
-5
-6
-6
-6
-5
-3
-2
-2
-2
-4
-4
-3
-2
-2
-1
-2
-4
-1
1
2
0
-1
-1
-1
-2
-1
-1
-1
-1
-1
-1
-2
-4
-5
-3
-3
-3
-2
-3
-3
-3
-4
-4
-3
-1
1
0
-1
-2
-2
-2
-3
-3
-3
-2
-2
-2
-2
-2
0
0
-2
-2
-2
-2
-2
-2
-2
-2
0
-1
-3
-1
-1
1
0
-2
-3
-3
-5
-4
-4
-5
-2
-2
-1
0
1
0
0
0
1
1
-1
-1
0
-1
-2
-1
-2
-3
-1
0
0
0
-1
-2
-4
-3
-1
-2
-2
-1
0
0
1
2
0
0
-1
-1
0
1
-1
-1
-2
-3
-2
-3
-3
-3
-3
-5
-4
-1
-1
-3
-3
-3
-3
-2
-4
-5
-4
-4
-3
-2
-4
-4
-3
-2
-1
-1
0
0
1
-1
0
-1
0
2
1
0
-1
-1
-2
-1
0
-2
-2
-1
-1
-3
-4
-5
-5
-3
-2
-2
-2
-2
-3
-5
-6
-5
-6
-5
-5
-5
-4
0
0
-1
-2
-3
-1
1
1
0
0
-1
0
1
-1
-1
1
-2
-2
-2
-1
-2
-3
-1
0
-1
-1
-1
-2
-1
0
-1
-1
-1
-1
1
1
0
-2
-4
-3
-2
-2
-3
-4
-2
-2
-4
-3
-1
0
-1
-4
-3
-3
-1
-2
-2
0
-1
-1
0
0
-1
-1
-1
-1
-2
0
-1
-4
-2
-1
-1
-2
1
1
-1
0
-1
-2
-1
-2
-1
1
-2
-3
-4
-4
-2
-3
-3
-2
-2
-2
-3
-3
-2
-3
-2
-2
-3
-2
-2
-2
-1
-1
-3
-3
-3
-1
0
0
1
0
-1
-3
-2
-2
-2
0
-2
-3
-2
-4
-5
-5
-4
-3
-3
-3
-3
-1
-1
-2
-1
0
-1
-1
0
0
0
-2
-2
-2
-3
-2
-3
-3
-4
-2
-2
-3
-3
-3
-4
-4
-3
-1
-1
-2
-1
0
0
0
1
0
-1
1
0
-2
-1
-1
-1
1
2
-1
-1
0
1
1
-2
-3
-2
-3
-1
0
-3
-3
-3
-2
-1
-1
-1
-1
-1
0
0
-1
0
-1
-2
-3
-2
-2
-2
-1
-2
-3
-3
-3
-2
-2
-3
-3
-1
-1
-1
-1
-2
-3
-3
-3
-3
-3
-3
-3
-4
-2
-2
-3
-2
-3
-4
-3
-3
-2
-1
-1
0
-1
0
1
0
0
1
0
0
0
-3
-3
-2
-4
-4
-3
-2
-3
-4
-3
-3
-1
-2
-3
-2
-2
-1
-2
-3
-3
-2
-3
-5
-4
-3
-3
0
0
0
-1
-2
-2
-2
-1
-1
-1
-1
-2
-1
-2
-2
-2
-1
-2
-3
-1
-2
-3
-2
-1
-1
-1
-1
-2
-2
-1
-1
-1
-1
-1
-1
-1
0
-1
-2
-1
-3
-2
-1
0
0
-1
-1
1
0
-1
0
-2
-2
-2
-3
-2
-1
-1
-1
-1
-2
-2
-1
-2
-1
-1
-1
0
-1
-1
-2
-2
-1
-2
-1
-1
-3
-3
-3
-5
-3
-2
-4
-4
-3
-2
-2
-2
-2
-3
-2
-1
-3
-2
1
1
-1
0
-2
-2
-1
-2
1
0
-2
-1
-2
-2
-1
-1
-1
-2
-3
-2
-2
-1
-1
-2
-2
-3
-4
-3
-3
-3
-2
-3
-3
-1
-2
-1
-4
-2
-2
-3
-3
-4
-4
-4
-2
-2
-2
-1
-2
-1
-2
-2
-1
0
-2
-3
-3
-1
-1
-2
-1
-3
-5
-3
-3
-2
0
-3
-2
-1
-1
0
0
1
1
2
1
-2
1
1
1
0
0
0
-1
-1
-1
-1
-2
-3
-4
-4
-5
-5
-2
-2
-2
-1
-2
-1
-2
-2
-2
-2
-1
0
-1
0
0
-1
-1
-2
-1
-2
-4
-2
0
-1
-2
-3
-3
-2
0
-1
-2
-1
-2
-1
-2
-3
-2
-3
-3
-3
-3
-2
-4
-5
-5
-2
-3
-4
-1
0
-1
-1
-2
-4
-4
-2
-2
-1
-2
-2
-1
-2
0
0
-3
-4
-1
0
-1
-4
-4
-1
0
0
-2
-4
-3
-1
-1
-2
-3
-2
-2
-2
-2
-1
0
-1
-2
-1
-1
-1
-1
-1
-1
-2
-2
-3
-5
-5
-5
-4
-3
-3
-1
-1
-1
-1
-2
-1
-2
-2
-1
-1
0
-1
0
2
2
-1
-1
-1
-1
0
-1
0
1
0
0
-2
-1
0
-2
-1
-2
-1
-1
-3
-1
-1
-1
-1
-1
-3
-2
0
-2
-3
-4
-3
-3
-3
-2
-3
-2
-3
-4
-4
-4
-2
-2
-3
-3
-3
-3
-3
-3
-1
-1
-1
-1
-2
-2
-1
-1
1
2
2
1
0
0
-1
-2
-2
-3
-2
-2
-1
-1
0
0
0
-1
0
-1
-1
-2
0
-1
-1
-2
-4
-2
-4
-4
-3
-5
-2
-1
-3
-5
-7
-5
-3
-3
-2
-2
-2
-3
-4
-3
-2
-3
-2
-2
-2
-1
-2
-1
1
-1
-2
0
0
-1
-1
0
1
1
-2
-3
-1
0
0
-1
-1
1
2
1
1
0
1
1
-1
-2
-2
-1
-1
0
-2
-3
-1
-3
-3
-1
-1
-1
-3
-4
-4
-4
-2
-1
-2
-2
-1
-1
-2
-2
-1
-1
-1
-2
-2
-2
-3
-3
0
0
0
-1
-1
-1
-3
-1
-1
0
1
0
-1
-1
0
-1
-1
-2
-2
-2
-4
-3
-3
-3
-4
-3
-2
-3
-3
-5
-3
-2
-4
-2
-2
-1
1
0
-1
-2
-1
-1
0
0
0
-1
0
-1