-9
-9
-9
-10
-10
-9
-10
-10
-9
-9
-8
-9
-8
-8
-8
-7
-8
-7
-6
-7
-7
-8
-7
-7
-7
-8
-9
-9
-9
-9
-8
-8
-8
-7
-8
-7
-7
-8
-7
-7
-6
-6
-6
-6
-6
-6
-6
-7
-7
-6
-6
-7
-7
-7
-6
-7
-7
-7
-7
-7
-8
-9
-9
-9
-9
-10
-10
-9
-9
-9
-9
-8
-8
-8
-8
-8
-8
-8
-7
-7
-6
-6
-5
-6
-6
-5
-5
-5
-6
-5
-6
-6
-7
-8
-7
-8
-8
-8
-7
-7
-8
-9
-10
-9
-8
-9
-9
-9
-8
-9
-8
-8
-9
-9
-8
-8
-7
-6
-6
-5
-6
-6
-6
-6
-6
-6
-6
-6
-7
-7
-7
-6
-6
-7
-7
-7
-7
-7
-8
-7
-8
-8
-8
-7
-7
-8
-7
-7
-8
-7
-7
-7
-7
-7
-7
-6
-7
-6
-6
-7
-6
-6
-7
-7
-8
-8
-9
-9
-9
-10
-11
-11
-10
-10
-9
-9
-8
-8
-8
-8
-8
-8
-9
-8
-7
-6
-6
-5
-5
-5
-5
-5
-4
-6
-6
-6
-6
-6
-8
-9
-8
-7
-8
-8
-8
-7
-6
-7
-6
-7
-8
-8
-8
-9
-9
-9
-9
-10
-9
-8
-9
-10
-9
-8
-7
-7
-7
-7
-7
-7
-7
-7
-8
-7
-8
-9
-9
-9
-8
-8
-8
-8
-7
-7
-6
-6
-6
-6
-5
-5
-5
-5
-5
-5
-6
-6
-5
-6
-6
-5
-5
-5
-6
-7
-7
-7
-7
-7
-7
-7
-8
-8
-9
-9
-9
-9
-9
-9
-9
-8
-8
-9
-9
-9
-8
-8
-8
-8
-8
-7
-8
-8
-8
-8
-7
-7
-7
-7
-6
-7
-7
-8
-7
-7
-7
-7
-7
-6
-7
-7
-7
-8
-8
-7
-8
-8
-8
-9
-9
-9
-9
-9
-9
-9
-8
-8
-8
-7
-7
-7
-6
-5
-5
-5
-5
-6
-5
-6
-7
-6
-7
-8
-8
-8
-8
-8
-8
-9
-8
-8
-8
-8
-9
-8
-7
-8
-7
-7
-8
-7
-8
-8
-8
-7
-8
-8
-8
-8
-7
-8
-7
-6
-6
-6
-7
-8
-7
-8
-9
-8
-9
-9
-9
-8
-8
-8
-7
-7
-6
-6
-6
-5
-4
-6
-6
-6
-7
-7
-7
-7
-8
-8
-7
-7
-6
-7
-7
-6
-7
-6
-6
-6
-6
-6
-6
-6
-6
-6
-7
-7
-8
-9
-9
-9
-10
-10
-10
-10
-9
-9
-9
-10
-8
-8
-8
-7
-6
-6
-6
-6
-6
-6
-7
-7
-8
-8
-7
-8
-9
-10
-9
-9
-9
-8
-8
-7
-6
-6
-6
-6
-7
-7
-6
-7
-7
-7
-8
-7
-7
-7
-7
-6
-7
-7
-7
-7
-7
-8
-8
-8
-8
-8
-9
-9
-9
-9
-9
-10
-9
-10
-9
-9
-9
-7
-8
-9
-8
-8
-7
-7
-7
-8
-7
-6
-6
-6
-7
-6
-6
-6
-6
-6
-7
-7
-7
-6
-6
-4
-5
-5
-5
-6
-5
-5
-5
-5
-6
-6
-7
-6
-7
-8
-8
-8
-8
-8
-8
-8
-7
-8
-8
-7
-8
-8
-8
-8
-8
-8
-8
-9
-9
-9
-9
-9
-9
-10
-10
-10
-9
-9
-8
-8
-8
-6
-7
-6
-6
-6
-6
-6
-5
-6
-6
-5
-5
-5
-5
-5
-6
-5
-5
-5
-6
-6
-6
-7
-7
-8
-9
-9
-8
-8
-7
-8
-8
-8
-8
-8
-8
-8
-9
-9
-8
-8
-8
-8
-8
-8
-8
-8
-8
-8
-9
-8
-9
-9
-9
-9
-9
-9
-8
-8
-6
-7
-6
-5
-5
-5
-5
-6
-5
-7
-7
-7
-8
-7
-8
-8
-8
-8
-7
-7
-7
-6
-5
-5
-5
-6
-6
-6
-7
-7
-8
-8
-9
-9
-8
-8
-7
-7
-7
-7
-7
-6
-6
-6
-7
-6
-6
-7
-6
-7
-6
-6
-7
-8
-8
-7
-7
-8
-7
-7
-8
-8
-8
-7
-7
-7
-7
-7
-7
-9
-9
-8
-8
-9
-9
-8
-8
-9
-7
-8
-8
-7
-7
-7
-7
-6
-7
-7
-7
-7
-7
-7
-7
-7
-7
-6
-6
-7
-7
-7
-7
-6
-6
-6
-5
-5
-6
-7
-7
-7
-7
-8
-8
-9
-9
-10
-10
-10
-10
-10
-9
-9
-9
-8
-7
-8
-7
-6
-6
-6
-5
-5
-5
-5
-5
-6
-7
-7
-7
-8
-8
-9
-9
-9
-9
-8
-8
-8
-7
-7
-7
-6
-7
-6
-6
-6
-5
-5
-5
-6
-7
-7
-7
-6
-7
-7
-7
-7
-6
-6
-7
-6
-6
-6
-5
-5
-6
-6
-7
-8
-8
-8
-8
-8
-9
-9
-9
-9
-9
-8
-8
-9
-8
-9
-8
-6
-7
-7
-6
-7
-7
-6
-6
-6
-6
-6
-5
-5
-5
-6
-6
-6
-6
-6
-7
-6
-6
-7
-7
-7
-8
-8
-8
-8
-9
-8
-9
-9
-8
-8
-7
-7
-7
-7
-6
-7
-7
-7
-8
-8
-8
-8
-8
-8
-8
-8
-8
-9
-8
-8
-8
-7
-7
-7
-7
-7
-6
-6
-6
-6
-6
-7
-7
-7
-7
-7
-7
-7
-7
-6
-6
-7
-6
-6
-6
-7
-6
-6
-6
-6
-7
-7
-7
-8
-8
-8
-8
-9
-9
-8
-8
-8
-8
-8
-8
-9
-8
-7
-6
-6
-7
-7
-6
-7
-7
-7
-7
-7
-7
-7
-6
-5
-6
-6
-5
-6
-6
-6
-6
-6
-6
-7
-7
-7
-7
-7
-7
-9
-9
-9
-9
-8
-9
-9
-9
-8
-9
-7
-6
-7
-7
-7
-6
-6
-5
-5
-5
-6
-6
-7
-7
-7
-7
-8
-6
-6
-7
-6
-6
-6
-7
-7
-6
-7
-7
-8
-8
-8
-8
-8
-8
-9
-9
-10
-9
-9
-8
-8
-7
-7
-7
-6
-6
-6
-5
-7
-6
-7
-7
-8
-7
-7
-8
-7
-7
-7
-7
-7
-7
-7
-8
-8
-8
-8
-7
-7
-7
-7
-7
-8
-7
-7
-6
-6
-5
-6
-6
-5
-5
-4
-6
-6
-5
-6
-6
-6
-6
-6
-7
-8
-8
-9
-9
-9
-10
-10
-11
-10
-9
-9
-8
-8
-8
-7
-7
-6
-6
-6
-5
-5
-5
-5
-6
-6
-6
-7
-6
-6
-7
-7
-7
-8
-8
-7
-7
-7
-8
-7
-6
-6
-6
-6
-7
-7
-7
-6
-6
-7
-7
-6
-5
-5
-6
-6
-6
-6
-6
-7
-7
-6
-8
-8
-9
-9
-10
-10
-10
-10
-9
-9
-8
-8
-8
-6
-6
-7
-7
-7
-5
-6
-6
-5
-6
-6
-7
-6
-6
-6
-7
-7
-8
-8
-8
-8
-8
-7
-6
-6
-6
-7
-7
-7
-7
-8
-8
-8
-8
-8
-9
-9
-9
-9
-8
-8
-7
-6
-7
-6
-5
-6
-6
-6
-6
-6
-5
-6
-6
-6
-7
-7
-8
-8
-8
-8
-9
-9
-8
-8
-7
-7
-7
-6
-6
-5
-5
-5
-6
-6
-7
-7
-7
-7
-7
-7
-6
-6
-6
-7
-7
-6
-7
-6
-6
-6
-7
-7
-7
-7
-7
-8
-8
-8
-8
-8
-8
-8
-8
-8
-7
-8
-8
-7
-6
-6
-7
-7
-7
-7
-7
-7
-8
-8
-8
-7
-7
-7
-6
-7
-6
-6
-5
-5
-7
-6
-6
-6
-6
-6
-6
-6
-6
-7
-8
-7
-7
-8
-8
-8
-8
-9
-7
-7
-7
-7
-7
-6
-7
-6
-7
-7
-7
-8
-8
-8
-9
-9
-9
-9
-9
-9
-9
-9
-9
-8
-8
-7
-7
-7
-6
-7
-7
-7
-6
-6
-6
-6
-6
-6
-6
-6
-5
-4
-5
-4
-5
-5
-5
-6
-7
-8
-8
-8
-8
-9
-8
-8
-8
-7
-7
-8
-8
-7
-7
-7
-7
-7
-7
-7
-7
-7
-7
-7
-7
-7
-6
-7
-7
-6
-7
-6
-6
-6
-6
-6
-6
-6
-6
-6
-5
-6
-7
-8
-8
-9
-9
-9
-10
-9
-9
-9
-9
-8
-8
-8
-8
-7
-6
-6
-6
-5
-4
-4
-4
-2
-2
-2
-3
-3
-3
-5
-7
-8
-8
-9
-10
-10
-10
-10
-11
-11
-12
-11
-11
-11
-11
-11
-10
-10
-10
-10
-10
-10
-9
-8
-7
-6
-5
-3
-3
-2
-1
-1
-1
-1
-1
-1
-2
-2
-3
-4
-5
-5
-6
-5
-6
-8
-10
-11
-12
-13
-12
-12
-13
-14
-13
-13
-13
-12
-11
-11
-11
-9
-9
-8
-9
-7
-8
-7
-5
-4
-3
-3
-2
-3
-2
-3
-4
-3
-4
-4
-5
-5
-5
-5
-5
-4
-3
-3
-2
-1
1
1
0
1
0
0
-1
-2
-4
-6
-6
-8
-10
-12
-12
-14
-14
-15
-16
-17
-16
-17
-17
-17
-16
-15
-15
-13
-12
-12
-10
-9
-7
-6
-7
-7
-6
-5
-5
-5
-3
-4
-3
-3
-2
-1
-1
-1
-2
-2
-3
-4
-4
-5
-4
-4
-4
-5
-6
-6
-6
-7
-7
-6
-6
-7
-7
-7
-6
-6
-6
-5
-4
-5
-5
-5
-5
-4
-5
-6
-7
-6
-6
-6
-5
-6
-7
-7
-8
-10
-12
-13
-12
-12
-9
-4
-1
0
-3
-8
-15
-24
-32
-37
-38
-37
-37
-34
-30
-24
-16
-8
-1
4
8
14
23
36
46
49
44
34
20
6
-8
-21
-33
-44
-51
-55
-54
-50
-43
-37
-29
-20
-11
-1
10
21
35
47
53
49
37
19
6
1
3
8
10
12
14
15
14
11
7
1
-5
-10
-15
-20
-25
-30
-36
-41
-47
-53
-59
-66
-71
-73
-70
-68
-63
-58
-51
-41
-32
-20
-9
5
18
32
44
52
53
50
43
35
28
23
19
19
19
21
23
25
25
24
22
18
15
12
7
6
4
3
1
-2
-5
-9
-11
-16
-19
-21
-23
-26
-28
-32
-37
-42
-50
-60
-75
-89
-94
-89
-78
-63
-47
-31
-16
-1
10
21
29
34
37
40
42
45
45
38
27
14
2
-7
-16
-23
-26
-27
-27
-26
-21
-13
-3
6
18
33
46
53
52
46
36
23
11
1
-7
-15
-20
-23
-24
-25
-24
-25
-27
-28
-27
-26
-24
-22
-20
-19
-17
-15
-12
-9
-8
-9
-11
-12
-12
-14
-17
-21
-25
-31
-38
-44
-48
-50
-49
-46
-40
-33
-27
-20
-13
-7
0
7
12
17
23
29
35
38
38
36
31
28
25
22
19
16
14
12
11
12
13
16
19
21
22
24
23
21
18
13
8
2
-5
-10
-16
-21
-26
-31
-34
-37
-39
-40
-40
-39
-40
-41
-44
-46
-50
-54
-57
-60
-62
-62
-60
-55
-49
-43
-38
-33
-24
-14
-4
3
7
9
10
12
14
18
23
29
34
36
41
47
56
65
72
78
76
70
59
45
30
13
-1
-13
-25
-36
-50
-65
-84
-92
-86
-72
-49
-21
3
16
19
13
2
-9
-22
-30
-34
-36
-33
-28
-20
-12
-4
4
11
16
18
17
15
13
12
12
10
8
7
4
1
-3
-4
-5
-7
-9
-14
-21
-28
-37
-50
-66
-79
-82
-77
-64
-50
-36
-21
-8
4
13
17
20
21
20
20
20
23
28
32
32
27
21
15
10
4
0
-4
-8
-12
-16
-17
-14
-7
1
9
17
26
34
38
37
32
27
20
12
4
-2
-8
-13
-17
-22
-25
-28
-32
-34
-37
-41
-44
-46
-45
-44
-40
-36
-32
-28
-25
-22
-20
-16
-13
-12
-14
-20
-27
-32
-39
-45
-48
-48
-43
-35
-26
-17
-10
-2
4
10
15
19
23
27
31
33
35
36
37
39
41
40
37
31
25
19
14
9
6
4
3
4
6
8
10
13
16
18
18
17
14
12
6
0
-6
-13
-18
-23
-28
-32
-36
-38
-40
-42
-44
-47
-48
-49
-50
-50
-50
-50
-50
-49
-46
-45
-43
-42
-40
-37
-35
-33
-29
-26
-22
-17
-13
-8
-3
3
8
13
18
22
24
27
29
31
33
34
35
35
34
33
33
32
31
30
28
27
26
25
25
24
24
23
20
17
14
10
5
1
-4
-10
-14
-19
-25
-29
-34
-37
-40
-42
-44
-45
-47
-48
-49
-50
-49
-49
-48
-47
-48
-47
-46
-45
-43
-41
-39
-35
-32
-29
-25
-21
-17
-13
-7
-3
3
7
11
16
20
23
25
27
28
29
29
30
31
31
31
31
31
30
29
29
28
27
25
24
21
18
17
13
8
5
2
-2
-5
-9
-12
-16
-19
-22
-25
-28
-29
-30
-32
-33
-34
-34
-35
-35
-35
-36
-36
-37
-38
-37
-36
-36
-35
-34
-33
-31
-29
-27
-24
-20
-17
-14
-10
-7
-3
-1
1
3
5
7
9
11
12
13
12
13
14
15
15
15
15
14
14
13
13
13
13
13
12
12
11
10
9
7
6
3
2
0
-3
-4
-5
-8
-10
-11
-13
-15
-17
-18
-21
-23
-23
-25
-25
-25
-26
-26
-25
-25
-25
-24
-23
-21
-20
-20
-18
-16
-16
-15
-14
-13
-12
-12
-11
-10
-8
-7
-6
-5
-4
-2
-1
1
3
5
6
6
7
8
7
7
8
9
8
8
6
4
4
3
2
0
-2
-3
-5
-5
-6
-7
-8
-8
-9
-9
-10
-11
-11
-12
-11
-12
-12
-12
-13
-14
-15
-16
-15
-15
-15
-16
-16
-16
-16
-16
-15
-13
-13
-12
-12
-11
-11
-9
-8
-8
-7
-7
-5
-4
-3
-1
0
0
0
1
1
0
0
-1
-2
-1
-1
-1
-1
-2
-2
0
-1
-1
0
-1
-1
0
0
-1
-2
-3
-3
-3
-5
-5
-6
-7
-8
-10
-10
-11
-12
-13
-13
-13
-15
-15
-15
-14
-15
-15
-15
-14
-14
-14
-13
-13
-13
-12
-11
-12
-12
-12
-12
-12
-11
-11
-10
-9
-8
-6
-6
-5
-4
-3
-2
-1
-2
-2
-1
-2
-1
0
-1
-1
0
0
1
2
2
1
1
1
1
2
2
2
1
1
1
0
-2
-3
-3
-5
-5
-6
-7
-8
-9
-9
-10
-11
-11
-11
-12
-12
-12
-13
-14
-13
-13
-13
-14
-14
-13
-14
-13
-13
-13
-13
-14
-13
-12
-11
-10
-9
-9
-9
-7
-7
-6
-6
-6
-5
-5
-4
-3
-2
-2
-1
-1
-1
0
0
-1
-1
-1
-2
-2
-3
-4
-4
-4
-4
-5
-6
-6
-6
-6
-6
-6
-6
-6
-5
-6
-7
-7
-8
-8
-8
-10
-11
-11
-12
-12
-12
-12
-12
-10
-10
-11
-10
-10
-9
-9
-8
-7
-7
-6
-6
-5
-6
-6
-5
-6
-6
-6
-7
-6
-6
-4
-3
-4
-4
-3
-4
-4
-4
-5
-6
-6
-6
-7
-7
-6
-6
-6
-7
-7
-7
-7
-7
-6
-6
-6
-7
-7
-6
-7
-6
-6
-6
-6
-7
-6
-7
-7
-8
-8
-8
-8
-7
-7
-7
-6
-7
-6
-7
-7
-7
-7
-7
-8
-7
-8
-9
-9
-9
-9
-8
-8
-8
-7
-6
-7
-6
-6
-6
-5
-6
-6
-6
-7
-7
-7
-8
-7
-7
-7
-7
-6
-6
-6
-6
-5
-5
-5
-5
-6
-5
-5
-5
-5
-6
-6
-6
-6
-7
-8
-8
-8
-8
-7
-8
-7
-7
-8
-8
-8
-8
-8
-8
-8
-7
-8
-7
-8
-8
-7
-8
-7
-7
-8
-7
-7
-7
-7
-6
-7
-8
-7
-7
-6
-6
-5
-5
-5
-5
-5
-5
-4
-4
-4
-5
-5
-4
-4
-4
-4
-4
-4
-4
-4
-5
-5
-6
-6
-6
-7
-7
-7
-8
-9
-9
-9
-9
-9
-9
-9
-9
-8
-8
-7
-8
-8
-8
-8
-8
-8
-9
-8
-9
-9
-9
-8
-8
-8
-8
-7
-7
-6
-5
-5
-4
-3
-4
-4
-3
-4
-4
-5
-5
-5
-6
-6
-5
-5
-5
-6
-5
-5
-6
-6
-7
-7
-7
-7
-7
-8
-8
-8
-8
-8
-9
-8
-8
-8
-8
-8
-8
-8
-8
-8
-8
-8
-7
-7
-6
-5
-5
-5
-5
-5
-5
-5
-6
-6
-6
-6
-6
-6
-5
-5
-6
-6
-6
-6
-6
-6
-7
-8
-9
-10
-10
-10
-10
-10
-10
-10
-9
-8
-7
-7
-7
-6
-6
-5
-4
-5
-4
-3
-4
-5
-5
-5
-5
-5
-5
-6
-7
-8
-7
-7
-8
-7
-7
-7
-6
-5
-4
-4
-4
-4
-4
-4
-4
-4
-4
-5
-5
-6
-5
-6
-6
-5
-4
-5
-5
-6
-7
-7
-7
-7
-8
-9
-9
-10
-9
-9
-9
-11
-11
-11
-11
-11
-10
-10
-10
-9
-9
-8
-8
-7
-7
-7
-6
-7
-6
-5
-5
-5
-5
-6
-6
-4
-4
-3
-3
-3
-3
-2
-3
-4
-4
-5
-5
-5
-6
-7
-6
-6
-7
-7
-8
-8
-8
-7
-6
-6
-5
-5
-6
-7
-7
-7
-7
-6
-6
-7
-7
-8
-9
-9
-9
-10
-10
-9
-9
-9
-8
-9
-8
-8
-8
-8
-8
-8
-8
-7
-7
-6
-6
-7
-6
-6
-5
-5
-4
-4
-5
-4
-3
-4
-4
-3
-4
-4
-5
-4
-4
-4
-4
-5
-5
-5
-6
-6
-7
-7
-7
-7
-7
-8
-8
-8
-7
-6
-6
-6
-6
-6
-6
-6
-6
-6
-6
-6
-5
-7
-6
-6
-7
-6
-6
-6
-7
-8
-8
-8
-9
-9
-9
-9
-9
-9
-10
-10
-9
-8
-8
-8
-8
-7
-7
-7
-7
-6
-5
-5
-5
-5
-5
-5
-5
-6
-6
-6
-6
-7
-8
-8
-7
-7
-7
-7
-7
-6
-5
-6
-5
-5
-5
-6
-4
-4
-5
-4
-4
-4
-5
-5
-5
-5
-5
-5
-6
-5
-5
-6
-6
-6
-6
-6
-6
-7
-7
-8
-8
-8
-8
-8
-8
-8
-8
-8
-8
-8
-9
-9
-9
-8
-8
-9
-8
-8
-9
-8
-7
-7
-6
-7
-7
-7
-6
-5
-6
-5
-4
-4
-2
-3
-3
-4
-5
-5
-5
-6
-6
-7
-7
-7
-8
-8
-8
-8
-7
-7
-7
-7
-6
-6
-6
-5
-5
-4
-5
-5
-5
-6
-6
-7
-7
-7
-8
-7
-7
-8
-7
-8
-7
-7
-6
-6
-5
-5
-5
-6
-6
-5
-5
-5
-6
-6
-6
-7
-8
-7
-7
-7
-7
-7
-7
-7
-6
-7
-8
-8
-8
-8
-9
-9
-9
-9
-8
-8
-7
-8
-9
-8
-8
-8
-8
-7
-7
-6
-6
-6
-5
-5
-5
-4
-4
-5
-4
-4
-5
-3
-4
-4
-5
-6
-5
-5
-5
-5
-6
-6
-7
-8
-7
-8
-8
-8
-9
-9
-9
-10
-10
-9
-9
-7
-7
-5
-5
-5
-4
-5
-5
-5
-4
-4
-5
-6
-6
-6
-7
-7
-7
-8
-7
-8
-8
-8
-8
-8
-8
-7
-7
-6
-6
-6
-6
-5
-5
-5
-5
-6
-5
-6
-6
-6
-6
-6
-5
-5
-5
-4
-5
-6
-5
-5
-5
-5
-6
-7
-7
-7
-7
-7
-8
-8
-8
-9
-8
-9
-9
-8
-8
-8
-8
-8
-8
-7
-6
-7
-7
-6
-6
-6
-5
-6
-7
-6
-6
-5
-4
-5
-5
-5
-6
-6
-7
-7
-6
-6
-7
-7
-8
-9
-8
-7
-8
-7
-7
-7
-6
-6
-5
-5
-5
-4
-5
-5
-5
-5
-6
-6
-6
-7
-7
-7
-7
-7
-7
-7
-6
-7
-7
-7
-7
-7
-7
-7
-6
-6
-6
-6
-6
-7
-6
-5
-7
-5
-5
-6
-6
-7
-6
-6
-7
-7
-6
-7
-6
-6
-6
-6
-6
-7
-7
-6
-6
-7
-5
-6
-7
-6
-6
-6
-6
-6
-6
-7
-7
-7
-7
-8
-7
-7
-8
-6
-6
-7
-7
-8
-7
-6
-6
-6
-5
-4
-4
-5
-6
-5
-5
-6
-6
-7
-7
-7
-7
-8
-9
-8
-8
-8
-7
-7
-7
-8
-7
-7
-7
-6
-6
-6
-6
-6
-5
-6
-6
-6
-6
-7
-6
-7
-7
-7
-6
-5
-5
-4
-4
-4
-5
-5
-6
-5
-5
-4
-4
-6
-6
-7
-7
-8
-8
-9
-9
-8
-9
-8
-9
-8
-7
-7
-8
-8
-7
-7
-7
-7
-7
-7
-7
-7
-7
-7
-7
-6
-6
-6
-6
-6
-6
-7
-8
-7
-7
-7
-5
-4
-4
-4
-4
-4
-5
-5
-4
-4
-4
-4
-3
-3
-4
-3
-3
-4
-4
-5
-6
-7
-7
-7
-7
-7
-7
-7
-7
-8
-8
-7
-7
-7
-7
-8
-8
-7
-7
-9
-8
-8
-9
-9
-10
-9
-9
-10
-10
-9
-9
-9
-8
-8
-7
-6
-6
-7
-6
-6
-6
-6
-5
-5
-5
-4
-5
-5
-6
-6
-5
-6
-6
-5
-5
-5
-5
-5
-4
-3
-4
-4
-5
-5
-4
-5
-5
-5
-6
-6
-6
-7
-8
-8
-8
-8
-9
-9
-9
-9
-9
-10
-9
-8
-8
-9
-7
-8
-8
-7
-7
-7
-6
-6
-6
-6
-5
-6
-5
-5
-5
-5
-5
-6
-7
-7
-6
-6
-7
-7
-7
-7
-7
-6
-6
-6
-6
-4
-3
-3
-2
-2
-2
-2
-3
-3
-3
-4
-4
-4
-4
-6
-6
-6
-6
-7
-7
-8
-9
-9
-9
-9
-10
-10
-9
-10
-10
-10
-9
-9
-8
-8
-9
-8
-7
-6
-6
-6
-5
-5
-4
-4
-3
-3
-3
-3
-3
-3
-4
-5
-5
-6
-7
-8
-9
-9
-9
-10
-9
-9
-8
-8
-8
-7
-7
-7
-6
-6
-6
-6
-6
-6
-6
-6
-6
-6
-6
-6
-6
-6
-7
-6
-6
-5
-4
-4
-4
-4
-4
-4
-4
-5
-5
-6
-7
-7
-7
-7
-7
-7
-6
-6
-7
-6
-7
-6
-7
-7
-7
-7
-7
-7
-8
-8
-8
-9
-9
-9
-10
-11
-11
-12
-12
-12
-11
-10
-9
-9
-8
-8
-6
-6
-5
-4
-3
-1
-1
0
1
1
1
1
1
1
0
-1
-1
-1
-2
-3
-4
-4
-4
-4
-5
-6
-6
-7
-7
-7
-7
-7
-7
-7
-7
-8
-9
-9
-9
-9
-9
-9
-9
-9
-10
-10
-10
-10
-9
-10
-10
-10
-10
-10
-10
-11
-10
-10
-10
-8
-7
-7
-7
-7
-7
-6
-6
-6
-6
-6
-6
-6
-6
-6
-6
-6
-6
-6
-7
-9
-10
-10
-9
-7
-4
0
2
7
11
14
19
21
21
18
12
3
-6
-16
-25
-33
-39
-42
-44
-45
-43
-37
-32
-23
-13
-7
1
8
15
20
24
29
32
33
32
32
29
25
19
12
6
0
-6
-14
-20
-26
-31
-37
-44
-52
-60
-66
-69
-72
-70
-62
-51
-39
-24
-10
9
32
54
65
63
52
38
23
9
-2
-13
-18
-21
-21
-22
-19
-14
-9
-3
4
11
18
25
30
35
39
43
45
38
30
21
8
-5
-22
-43
-60
-67
-61
-50
-38
-26
-15
-9
-4
-2
-3
-6
-10
-15
-21
-27
-30
-31
-31
-33
-32
-32
-32
-32
-33
-32
-30
-28
-27
-24
-18
-11
-1
9
19
29
38
44
48
47
43
36
30
25
23
20
20
21
21
20
18
15
11
6
1
-5
-10
-16
-21
-24
-26
-26
-25
-24
-24
-24
-24
-24
-24
-25
-26
-28
-31
-34
-38
-45
-55
-64
-69
-68
-60
-51
-40
-29
-18
-7
1
7
13
18
22
27
32
37
42
44
41
37
32
25
18
12
6
1
-6
-12
-13
-8
2
13
23
30
32
31
27
23
19
14
9
4
0
-3
-7
-11
-14
-18
-21
-25
-28
-31
-35
-40
-42
-43
-42
-38
-35
-32
-29
-26
-24
-23
-22
-22
-23
-25
-27
-30
-32
-35
-38
-39
-39
-38
-35
-30
-24
-17
-11
-4
2
9
14
18
22
26
29
34
37
40
43
45
45
43
39
35
29
23
17
12
9
6
6
7
9
11
12
14
14
14
12
8
3
-2
-8
-14
-19
-24
-29
-33
-36
-39
-40
-43
-45
-44
-45
-45
-44
-44
-43
-42
-41
-41
-41
-40
-40
-41
-41
-41
-40
-38
-35
-32
-27
-22
-16
-10
-4
2
8
13
18
22
25
28
30
32
34
35
36
37
38
38
38
39
38
37
38
36
33
31
28
26
23
18
14
9
5
0
-5
-10
-16
-20
-24
-28
-30
-33
-36
-38
-40
-42
-42
-43
-42
-42
-42
-43
-43
-42
-42
-42
-41
-39
-37
-36
-34
-32
-30
-27
-23
-20
-16
-13
-9
-5
-2
1
3
6
9
11
14
16
18
19
20
21
22
22
22
22
23
22
22
22
21
21
20
21
21
21
20
18
17
15
12
9
5
1
-2
-6
-9
-13
-17
-20
-23
-25
-27
-29
-30
-32
-32
-33
-33
-33
-32
-31
-30
-29
-28
-27
-27
-26
-26
-25
-24
-23
-21
-20
-18
-17
-15
-13
-11
-9
-8
-6
-5
-3
-1
1
3
5
6
7
9
10
10
11
12
12
12
11
12
12
12
12
10
9
8
8
6
6
5
4
3
1
0
-1
-1
-2
-4
-5
-6
-7
-8
-10
-12
-13
-13
-15
-16
-17
-19
-20
-22
-22
-22
-22
-21
-21
-19
-19
-18
-17
-16
-14
-14
-14
-13
-12
-11
-9
-9
-9
-8
-8
-7
-7
-6
-5
-5
-4
-3
-2
-1
0
1
2
3
5
6
6
7
7
7
5
6
5
4
3
3
1
0
-1
-3
-4
-5
-6
-7
-8
-8
-9
-10
-11
-11
-12
-13
-13
-14
-14
-15
-16
-16
-15
-16
-17
-17
-17
-17
-17
-18
-17
-15
-15
-14
-12
-10
-9
-8
-7
-5
-4
-2
-1
0
1
1
2
2
2
3
3
3
2
1
0
0
0
0
1
0
1
0
0
0
-2
-1
-1
-2
-2
-2
-3
-5
-6
-6
-6
-7
-8
-8
-9
-10
-12
-12
-13
-12
-13
-13
-13
-12
-12
-13
-12
-12
-11
-11
-11
-10
-11
-11
-11
-11
-10
-10
-9
-9
-9
-9
-8
-8
-7
-7
-6
-6
-6
-6
-5
-4
-5
-4
-3
-3
-2
-1
-1
-1
-1
-1
-1
-1
-2
-2
-2
-3
-3
-3
-3
-3
-4
-5
-6
-6
-5
-5
-6
-5
-5
-5
-5
-6
-5
-6
-6
-6
-7
-6
-8
-9
-9
-10
-10
-9
-10
-10
-11
-11
-11
-11
-11
-10
-10
-11
-10
-10
-9
-8
-8
-6
-6
-6
-5
-6
-5
-5
-5
-5
-5
-6
-6
-5
-6
-6
-5
-5
-4
-4
-4
-5
-5
-4
-4
-3
-2
-2
-2
-3
-4
-3
-3
-4
-4
-4
-4
-5
-5
-5
-5
-6
-6
-7
-7
-9
-7
-7
-8
-8
-7
-7
-7
-8
-8
-7
-8
-8
-8
-8
-8
-8
-8
-6
-7
-8
-8
-8
-8
-8
-8
-8
-7
-6
-6
-6
-6
-5
-6
-5
-5
-4
-4
-4
-4
-4
-5
-5
-4
-4
-4
-5
-5
-5
-6
-6
-7
-7
-7
-8
-7
-7
-6
-6
-6
-5
-6
-6
-6
-7
-7
-6
-6
-7
-7
-8
-7
-7
-6
-7
-7
-7
-7
-6
-7
-7
-6
-6
-6
-5
-5
-5
-5
-5
-5
-5
-5
-6
-6
-6
-7
-7
-7
-7
-6
-6
-7
-7
-7
-7
-6
-5
-6
-6
-6
-6
-6
-5
-6
-5
-6
-7
-6
-7
-5
-5
-6
-6
-6
-7
-7
-7
-7
-7
-7
-6
-5
-6
-6
-5
-5
-4
-5
-4
-4
-5
-4
-4
-4
-4
-5
-4
-5
-5
-5
-6
-6
-5
-7
-8
-8
-8
-7
-7
-8
-8
-8
-8
-8
-7
-7
-7
-7
-8
-8
-8
-7
-7
-7
-7
-7
-7
-7
-7
-7
-7
-6
-7
-7
-6
-6
-6
-6
-6
-5
-6
-5
-5
-5
-5
-5
-5
-5
-5
-5
-5
-6
-6
-6
-6
-5
-5
-6
-5
-6
-6
-5
-5
-5
-5
-5
-6
-6
-6
-6
-7
-7
-7
-8
-8
-8
-8
-8
-7
-7
-7
-7
-6
-6
-6
-7
-8
-7
-7
-7
-6
-6
-7
-7
-6
-7
-7
-6
-6
-6
-5
-4
-4
-4
-3
-4
-4
-4
-4
-5
-6
-5
-6
-7
-6
-6
-6
-6
-6
-6
-5
-5
-5
-6
-6
-4
-4
-4
-4
-5
-5
-5
-5
-5
-6
-7
-7
-8
-9
-9
-9
-8
-8
-8
-7
-8
-7
-7
-8
-7
-7
-7
-7
-7
-7
-7
-8
-8
-9
-8
-8
-8
-7
-7
-8
-7
-6
-6
-6
-6
-5
-4
-4
-4
-3
-3
-4
-5
-4
-5
-5
-5
-5
-6
-6
-6
-6
-5
-5
-6
-5
-5
-5
-5
-6
-6
-6
-7
-7
-7
-6
-5
-6
-6
-6
-6
-6
-6
-5
-5
-5
-6
-7
-7
-7
-7
-8
-9
-9
-8
-8
-9
-9
-8
-9
-8
-8
-8
-7
-7
-6
-7
-6
-5
-6
-6
-7
-7
-6
-6
-6
-6
-6
-5
-6
-6
-4
-4
-5
-5
-6
-5
-5
-5
-5
-4
-3
-3
-2
-2
-2
-3
-2
-3
-4
-4
-4
-4
-5
-5
-5
-5
-5
-5
-5
-7
-7
-7
-8
-8
-8
-9
-10
-11
-11
-11
-10
-10
-11
-10
-10
-10
-9
-9
-9
-9
-9
-8
-8
-7
-6
-6
-6
-6
-5
-5
-5
-4
-5
-4
-4
-4
-5
-5
-3
-4
-3
-3
-3
-4
-4
-4
-5
-5
-5
-4
-5
-5
-5
-5
-5
-6
-5
-5
-5
-6
-6
-6
-6
-7
-7
-7
-8
-8
-8
-8
-8
-8
-8
-7
-8
-8
-9
-8
-8
-8
-7
-6
-6
-6
-6
-7
-5
-5
-5
-5
-5
-6
-5
-5
-5
-4
-5
-4
-5
-5
-5
-5
-6
-6
-7
-7
-7
-7
-6
-6
-6
-7
-7
-7
-6
-7
-7
-7
-6
-6
-6
-6
-6
-5
-6
-7
-6
-6
-6
-6
-6
-5
-5
-5
-4
-4
-4
-5
-6
-5
-5
-6
-6
-6
-6
-6
-6
-6
-6
-6
-6
-6
-7
-8
-8
-8
-8
-8
-8
-9
-9
-8
-7
-7
-6
-6
-6
-6
-5
-6
-5
-6
-6
-6
-6
-7
-7
-7
-7
-8
-7
-7
-7
-7
-7
-7
-7
-6
-5
-5
-4
-4
-5
-4
-4
-5
-4
-4
-5
-5
-5
-5
-5
-5
-5
-6
-7
-6
-6
-6
-6
-7
-7
-7
-6
-6
-7
-6
-7
-6
-6
-6
-7
-7
-6
-6
-5
-5
-5
-5
-5
-5
-5
-5
-5
-6
-7
-6
-6
-6
-6
-6
-6
-6
-5
-6
-6
-6
-6
-5
-5
-5
-5
-5
-5
-5
-6
-6
-6
-7
-6
-7
-8
-7
-7
-7
-8
-7
-7
-7
-7
-7
-6
-6
-6
-6
-7
-6
-6
-7
-6
-7
-7
-7
-7
-6
-6
-6
-6
-7
-6
-5
-5
-5
-5
-6
-5
-6
-6
-6
-5
-4
-5
-5
-5
-5
-6
-6
-7
-7
-7
-7
-8
-7
-7
-7
-7
-6
-6
-6
-5
-6
-7
-6
-6
-6
-6
-6
-7
-8
-7
-8
-7
-7
-7
-6
-6
-7
-7
-7
-7
-6
-5
-6
-6
-5
-5
-6
-6
-5
-5
-4
-3
-3
-3
-3
-2
-3
-3
-4
-4
-4
-5
-5
-6
-6
-7
-8
-7
-7
-7
-7
-7
-7
-7
-7
-7
-6
-6
-7
-8
-7
-7
-7
-7
-8
-9
-8
-8
-7
-7
-8
-7
-7
-7
-7
-7
-6
-5
-5
-5
-4
-3
-3
-3
-3
-3
-4
-4
-4
-4
-4
-4
-4
-5
-5
-5
-5
-6
-7
-6
-7
-7
-6
-7
-7
-7
-6
-7
-7
-7
-6
-6
-6
-6
-7
-7
-7
-6
-6
-7
-8
-7
-8
-8
-6
-7
-6
-6
-6
-7
-7
-6
-7
-7
-7
-7
-6
-6
-7
-6
-5
-6
-6
-5
-5
-6
-5
-5
-5
-6
-6
-6
-6
-5
-6
-6
-6
-5
-5
-6
-6
-5
-6
-6
-6
-5
-5
-5
-5
-5
-6
-6
-6
-7
-7
-7
-6
-6
-6
-6
-7
-6
-6
-7
-6
-6
-6
-5
-5
-4
-4
-4
-4
-4
-5
-6
-6
-6
-6
-7
-8
-7
-6
-6
-5
-5
-5
-5
-6
-7
-6
-7
-8
-7
-7
-7
-6
-7
-7
-7
-6
-6
-6
-6
-6
-6
-6
-6
-5
-4
-5
-5
-5
-5
-6
-6
-6
-7
-6
-6
-6
-6
-7
-6
-5
-5
-5
-4
-4
-4
-4
-5
-5
-5
-6
-7
-8
-8
-8
-9
-9
-9
-9
-8
-9
-9
-8
-7
-7
-7
-7
-6
-6
-6
-6
-7
-7
-6
-6
-7
-6
-6
-7
-5
-5
-4
-5
-4
-4
-4
-3
-4
-4
-4
-4
-4
-4
-4
-4
-5
-5
-5
-5
-6
-6
-6
-6
-6
-6
-6
-7
-7
-7
-7
-7
-7
-6
-7
-7
-7
-8
-6
-6
-7
-6
-6
-6
-6
-6
-6
-6
-6
-6
-7
-6
-7
-6
-6
-7
-7
-6
-6
-5
-5
-6
-6
-6
-5
-4
-5
-4
-4
-3
-3
-3
-4
-4
-4
-4
-5
-5
-7
-7
-8
-7
-7
-8
-7
-7
-7
-6
-6
-6
-6
-6
-5
-6
-6
-7
-7
-8
-8
-8
-8
-8
-8
-8
-8
-8
-7
-8
-9
-8
-7
-7
-7
-7
-6
-5
-5
-4
-4
-4
-4
-4
-4
-5
-5
-5
-6
-6
-6
-6
-5
-5
-5
-5
-5
-5
-5
-4
-5
-5
-6
-6
-5
-5
-6
-6
-6
-7
-7
-7
-8
-7
-7
-7
-7
-6
-7
-7
-7
-6
-6
-6
-6
-5
-5
-6
-6
-5
-5
-5
-6
-6
-5
-5
-5
-5
-5
-5
-6
-6
-5
-5
-6
-7
-6
-7
-7
-6
-6
-6
-7
-6
-6
-5
-5
-5
-4
-4
-4
-4
-5
-6
-6
-7
-6
-6
-7
-7
-7
-7
-8
-8
-7
-6
-6
-6
-5
-5
-4
-4
-4
-4
-4
-4
-4
-5
-5
-6
-6
-7
-7
-7
-8
-8
-8
-8
-8
-8
-8
-7
-7
-7
-6
-7
-7
-7
-7
-6
-7
-6
-6
-6
-6
-6
-5
-5
-6
-6
-6
-6
-7
-7
-8
-8
-7
-7
-7
-6
-5
-6
-6
-5
-5
-6
-5
-5
-5
-4
-4
-4
-4
-3
-4
-4
-5
-5
-5
-6
-5
-5
-6
-5
-6
-6
-7
-7
-7
-7
-6
-6
-6
-6
-5
-5
-6
-6
-6
-6
-7
-7
-6
-7
-6
-7
-7
-7
-7
-8
-7
-7
-6
-7
-7
-6
-6
-5
-5
-5
-5
-4
-4
-4
-4
-4
-3
-3
-4
-4
-5
-5
-5
-5
-5
-5
-5
-5
-5
-5
-6
-7
-6
-7
-7
-7
-7
-7
-7
-7
-7
-7
-8
-8
-7
-7
-9
-9
-8
-8
-7
-7
-7
-7
-7
-6
-6
-5
-5