-13
-13
-13
-14
-14
-13
-13
-13
-13
-13
-14
-13
-13
-13
-12
-13
-13
-12
-12
-13
-11
-12
-12
-13
-12
-11
-11
-12
-13
-13
-13
-13
-13
-12
-13
-13
-13
-14
-14
-12
-13
-13
-13
-13
-12
-13
-12
-12
-12
-12
-13
-13
-13
-13
-13
-13
-13
-13
-12
-12
-13
-12
-12
-13
-12
-13
-13
-12
-12
-13
-14
-14
-13
-13
-14
-13
-13
-13
-13
-13
-12
-12
-12
-11
-11
-10
-13
-12
-11
-12
-12
-13
-12
-13
-14
-14
-13
-13
-13
-13
-13
-12
-12
-12
-12
-12
-12
-12
-12
-12
-12
-12
-12
-13
-12
-12
-11
-11
-13
-12
-12
-11
-11
-12
-12
-11
-12
-12
-11
-12
-12
-12
-12
-12
-12
-12
-14
-14
-13
-13
-13
-13
-13
-13
-12
-12
-13
-12
-12
-12
-12
-13
-12
-13
-14
-12
-12
-12
-13
-12
-12
-13
-12
-13
-13
-13
-13
-12
-12
-12
-12
-12
-11
-12
-12
-11
-12
-13
-14
-14
-14
-14
-13
-14
-13
-12
-12
-12
-12
-12
-12
-13
-13
-13
-13
-11
-12
-12
-12
-12
-12
-13
-13
-14
-13
-14
-14
-14
-14
-14
-13
-13
-13
-12
-11
-11
-11
-12
-13
-12
-12
-12
-10
-12
-12
-12
-13
-13
-13
-12
-11
-11
-12
-12
-12
-12
-12
-13
-12
-11
-12
-13
-13
-13
-14
-14
-14
-14
-14
-13
-13
-14
-13
-12
-12
-12
-11
-12
-12
-12
-12
-11
-12
-12
-12
-12
-12
-12
-11
-12
-12
-11
-11
-11
-11
-11
-11
-12
-12
-12
-12
-13
-13
-12
-13
-13
-14
-13
-13
-14
-13
-13
-12
-13
-12
-12
-12
-12
-11
-12
-13
-13
-12
-12
-13
-12
-13
-13
-13
-14
-14
-15
-14
-14
-15
-15
-14
-13
-14
-15
-14
-13
-13
-13
-14
-13
-12
-13
-12
-12
-13
-12
-13
-13
-11
-12
-12
-13
-12
-10
-12
-12
-12
-12
-12
-12
-12
-11
-12
-13
-12
-12
-12
-14
-13
-13
-13
-13
-12
-11
-12
-12
-11
-12
-11
-11
-11
-11
-14
-13
-12
-13
-13
-13
-13
-13
-13
-13
-12
-12
-12
-12
-12
-11
-11
-11
-12
-11
-11
-11
-11
-11
-12
-11
-11
-11
-11
-12
-12
-12
-12
-12
-11
-11
-11
-11
-11
-12
-12
-12
-12
-12
-12
-12
-13
-13
-13
-13
-13
-15
-14
-14
-14
-14
-14
-14
-13
-14
-14
-13
-14
-13
-13
-13
-13
-12
-12
-12
-12
-13
-12
-13
-13
-13
-12
-12
-11
-10
-9
-10
-11
-11
-10
-10
-11
-11
-11
-12
-13
-13
-13
-14
-13
-13
-13
-13
-12
-12
-12
-12
-13
-13
-12
-13
-14
-13
-14
-14
-13
-13
-14
-14
-13
-13
-13
-13
-14
-15
-15
-14
-14
-14
-13
-12
-12
-12
-10
-12
-13
-12
-13
-13
-12
-11
-12
-11
-11
-12
-11
-11
-12
-11
-10
-9
-9
-9
-11
-12
-11
-10
-10
-10
-10
-10
-11
-11
-11
-12
-12
-13
-14
-12
-13
-14
-15
-15
-14
-15
-15
-15
-15
-14
-14
-15
-14
-13
-13
-12
-12
-11
-12
-12
-10
-10
-10
-11
-11
-10
-11
-11
-10
-10
-11
-10
-10
-11
-10
-12
-13
-12
-12
-11
-12
-11
-11
-11
-10
-10
-9
-10
-10
-10
-10
-12
-12
-12
-12
-13
-14
-14
-14
-15
-15
-14
-14
-15
-15
-15
-15
-15
-15
-15
-14
-15
-14
-14
-15
-14
-13
-13
-13
-13
-13
-12
-13
-13
-12
-12
-11
-11
-10
-11
-10
-10
-10
-9
-10
-9
-9
-9
-8
-8
-9
-7
-9
-10
-10
-11
-11
-12
-11
-11
-11
-13
-14
-14
-15
-15
-15
-15
-15
-15
-15
-15
-15
-14
-15
-15
-14
-14
-14
-14
-13
-13
-14
-14
-12
-12
-12
-12
-12
-10
-11
-9
-9
-9
-8
-9
-8
-7
-7
-6
-6
-6
-6
-6
-6
-7
-8
-9
-10
-11
-13
-15
-14
-15
-15
-16
-16
-16
-17
-18
-18
-17
-17
-17
-17
-16
-15
-16
-16
-17
-16
-15
-15
-15
-14
-13
-13
-13
-13
-13
-11
-10
-10
-9
-8
-8
-8
-7
-7
-7
-7
-8
-8
-8
-9
-9
-9
-9
-10
-10
-13
-13
-12
-14
-14
-14
-13
-14
-13
-12
-13
-13
-13
-12
-12
-11
-12
-12
-11
-12
-11
-11
-11
-11
-12
-11
-13
-15
-13
-14
-15
-12
-13
-12
-12
-13
-14
-17
-21
-21
-21
-21
-20
-20
-19
-18
-17
-15
-15
-14
-12
-12
-10
-10
-8
-4
-2
0
-1
-2
-4
-7
-9
-12
-13
-15
-17
-19
-20
-17
-13
-8
-4
1
4
5
6
6
5
5
4
2
-3
-10
-17
-23
-26
-26
-25
-22
-16
-8
-1
5
7
7
1
-5
-11
-18
-24
-31
-37
-42
-46
-48
-51
-54
-55
-52
-43
-34
-23
-11
-3
4
4
2
-3
-10
-16
-21
-23
-23
-20
-15
-9
-4
2
8
12
17
23
28
31
35
38
38
36
33
29
26
21
16
8
-3
-13
-22
-32
-39
-47
-54
-61
-66
-68
-67
-62
-57
-51
-47
-43
-37
-35
-32
-28
-26
-26
-26
-21
-18
-16
-14
-12
-10
-8
-7
-4
-1
2
5
8
11
14
15
14
15
18
23
29
39
49
56
56
49
35
21
8
-6
-19
-30
-40
-47
-52
-55
-55
-53
-49
-44
-41
-38
-35
-34
-32
-29
-27
-23
-19
-14
-10
-6
-3
-3
-7
-9
-13
-16
-17
-21
-26
-35
-46
-59
-67
-71
-65
-51
-37
-23
-11
0
9
19
29
37
43
48
50
48
43
36
27
21
13
8
4
3
0
-5
-11
-20
-27
-35
-40
-41
-40
-35
-30
-22
-17
-12
-6
3
15
24
32
35
32
22
9
-3
-15
-25
-34
-43
-51
-60
-69
-74
-76
-78
-73
-66
-59
-50
-41
-31
-20
-9
0
10
19
23
25
22
17
14
11
8
3
-6
-17
-29
-42
-50
-54
-53
-45
-33
-21
-8
3
13
20
25
27
26
24
20
17
14
10
5
-1
-6
-10
-15
-19
-21
-20
-20
-18
-15
-13
-9
-5
-1
2
6
9
10
12
13
13
16
19
18
15
11
5
-3
-10
-19
-26
-33
-38
-42
-46
-49
-52
-53
-53
-53
-50
-50
-47
-44
-41
-36
-34
-31
-30
-27
-27
-26
-26
-26
-27
-28
-29
-27
-25
-24
-22
-18
-14
-9
-4
1
6
10
14
17
20
23
24
26
26
26
27
26
26
25
25
24
23
22
20
20
19
17
17
14
11
8
5
1
-4
-8
-13
-19
-25
-30
-34
-39
-44
-47
-50
-51
-53
-53
-54
-55
-53
-53
-52
-52
-51
-51
-48
-46
-44
-41
-39
-38
-34
-29
-24
-21
-17
-13
-10
-6
-4
-1
0
3
4
6
8
10
12
12
13
15
17
18
19
19
19
20
20
19
18
17
16
14
13
12
10
8
5
3
2
-1
-5
-8
-10
-13
-15
-17
-18
-19
-22
-23
-24
-26
-27
-28
-29
-28
-31
-32
-33
-35
-35
-37
-38
-37
-37
-36
-36
-35
-33
-32
-30
-29
-28
-27
-24
-22
-21
-18
-14
-12
-11
-9
-7
-6
-5
-3
-1
-1
0
1
1
2
3
3
4
3
4
3
5
6
5
5
5
5
6
5
3
3
3
1
1
-1
-2
-3
-6
-7
-9
-10
-11
-15
-16
-17
-17
-20
-22
-22
-25
-25
-25
-26
-26
-26
-26
-27
-25
-25
-24
-22
-23
-22
-21
-21
-20
-18
-19
-19
-17
-16
-16
-14
-13
-12
-11
-10
-9
-8
-7
-6
-4
-4
-2
-3
-2
-2
-2
-2
-2
-2
-2
-3
-4
-5
-4
-5
-6
-6
-6
-6
-6
-8
-8
-9
-9
-10
-10
-11
-12
-12
-14
-14
-15
-17
-16
-18
-17
-17
-18
-18
-18
-17
-17
-19
-19
-19
-19
-19
-20
-20
-20
-20
-19
-19
-18
-17
-16
-15
-12
-11
-11
-9
-8
-6
-5
-4
-4
-4
-4
-5
-5
-5
-4
-5
-5
-6
-7
-7
-7
-7
-7
-7
-8
-8
-6
-6
-7
-7
-7
-8
-9
-9
-8
-10
-12
-13
-13
-15
-16
-16
-17
-17
-19
-19
-18
-19
-19
-18
-17
-17
-16
-16
-18
-17
-17
-18
-18
-19
-18
-18
-17
-16
-15
-15
-13
-13
-13
-11
-10
-10
-9
-9
-9
-8
-8
-6
-5
-6
-6
-6
-5
-5
-6
-5
-7
-6
-7
-7
-6
-7
-6
-7
-8
-8
-7
-7
-8
-7
-8
-8
-7
-8
-9
-9
-11
-11
-11
-12
-12
-13
-14
-12
-13
-12
-13
-15
-15
-15
-15
-14
-15
-14
-16
-16
-16
-16
-16
-16
-16
-17
-17
-17
-16
-15
-15
-15
-16
-15
-14
-15
-14
-12
-12
-13
-13
-12
-12
-12
-11
-10
-10
-9
-9
-9
-9
-8
-8
-7
-7
-6
-6
-7
-8
-8
-7
-7
-9
-9
-10
-9
-9
-10
-10
-11
-10
-9
-8
-9
-9
-10
-10
-10
-11
-11
-12
-13
-13
-12
-13
-14
-15
-14
-15
-17
-16
-16
-16
-15
-13
-14
-14
-13
-14
-13
-13
-15
-14
-13
-13
-12
-12
-12
-12
-11
-11
-10
-9
-10
-8
-8
-8
-7
-8
-9
-8
-9
-10
-10
-10
-10
-10
-9
-9
-9
-10
-10
-10
-10
-9
-10
-10
-11
-11
-11
-12
-11
-12
-12
-10
-12
-12
-13
-13
-12
-12
-12
-13
-13
-13
-13
-13
-13
-13
-12
-11
-11
-12
-12
-11
-12
-12
-12
-12
-13
-13
-14
-14
-13
-13
-12
-13
-12
-11
-11
-12
-11
-12
-11
-10
-11
-11
-11
-11
-12
-11
-12
-12
-11
-12
-11
-12
-12
-11
-11
-12
-11
-11
-12
-10
-11
-11
-10
-12
-11
-12
-11
-10
-12
-11
-10
-11
-10
-11
-10
-10
-10
-9
-10
-10
-11
-12
-10
-12
-12
-12
-13
-12
-12
-12
-11
-11
-12
-11
-11
-12
-11
-11
-11
-10
-10
-10
-10
-10
-10
-10
-11
-11
-11
-10
-11
-12
-12
-12
-11
-11
-11
-11
-11
-10
-10
-10
-9
-10
-10
-10
-10
-11
-11
-11
-11
-11
-12
-12
-13
-14
-12
-12
-12
-11
-10
-10
-11
-9
-8
-9
-10
-10
-10
-10
-10
-11
-12
-11
-12
-13
-13
-14
-13
-13
-13
-14
-14
-14
-13
-12
-12
-12
-12
-12
-11
-10
-11
-10
-11
-12
-12
-11
-12
-12
-12
-11
-11
-11
-11
-11
-11
-9
-10
-10
-11
-10
-10
-10
-9
-10
-11
-12
-12
-11
-11
-10
-11
-10
-11
-11
-10
-10
-10
-10
-10
-10
-10
-10
-11
-11
-11
-12
-12
-12
-13
-13
-12
-11
-11
-12
-12
-12
-12
-11
-11
-11
-11
-11
-11
-12
-12
-12
-12
-12
-12
-12
-11
-11
-11
-11
-10
-9
-9
-9
-9
-8
-8
-8
-9
-8
-9
-9
-10
-11
-12
-12
-12
-12
-11
-12
-11
-12
-12
-13
-13
-12
-14
-13
-13
-13
-13
-12
-12
-11
-10
-10
-11
-12
-11
-11
-11
-11
-12
-11
-11
-11
-11
-11
-12
-11
-11
-12
-12
-12
-12
-12
-12
-13
-13
-13
-13
-12
-12
-11
-12
-12
-11
-10
-10
-12
-12
-11
-12
-11
-11
-11
-11
-12
-12
-11
-11
-11
-11
-10
-11
-11
-11
-11
-11
-10
-10
-9
-10
-9
-8
-10
-12
-11
-11
-11
-11
-12
-13
-13
-14
-13
-13
-12
-11
-12
-12
-11
-11
-12
-10
-11
-12
-11
-12
-12
-12
-12
-11
-11
-10
-9
-10
-10
-10
-11
-11
-10
-11
-12
-11
-11
-11
-10
-10
-10
-11
-11
-10
-10
-10
-11
-11
-11
-9
-9
-10
-10
-9
-10
-9
-10
-11
-10
-11
-12
-11
-12
-13
-14
-11
-13
-14
-13
-14
-14
-14
-13
-13
-13
-11
-12
-11
-11
-11
-10
-11
-11
-12
-12
-10
-11
-12
-11
-10
-11
-11
-12
-13
-12
-12
-13
-13
-13
-12
-11
-12
-11
-11
-11
-11
-11
-11
-11
-11
-11
-11
-11
-11
-11
-11
-11
-12
-11
-10
-10
-10
-9
-9
-9
-9
-8
-8
-9
-10
-9
-10
-9
-9
-12
-11
-11
-11
-11
-13
-12
-12
-13
-12
-13
-13
-12
-12
-12
-12
-12
-13
-13
-12
-12
-11
-12
-11
-12
-12
-11
-11
-10
-11
-10
-10
-12
-11
-10
-11
-11
-11
-10
-11
-11
-10
-9
-10
-11
-10
-9
-9
-8
-8
-8
-9
-9
-9
-10
-10
-10
-10
-10
-9
-10
-10
-11
-13
-14
-13
-13
-14
-12
-11
-12
-11
-10
-11
-12
-13
-13
-12
-11
-11
-12
-11
-12
-11
-12
-12
-11
-13
-12
-13
-13
-12
-12
-12
-12
-11
-10
-10
-9
-9
-10
-10
-10
-10
-10
-11
-11
-11
-11
-11
-11
-10
-11
-11
-11
-12
-12
-13
-12
-11
-11
-12
-11
-11
-11
-10
-10
-10
-11
-11
-12
-10
-10
-10
-10
-10
-10
-11
-10
-10
-11
-11
-12
-10
-10
-10
-10
-12
-11
-11
-11
-10
-11
-11
-12
-11
-11
-11
-10
-11
-10
-11
-12
-11
-10
-10
-11
-11
-12
-11
-11
-11
-11
-11
-10
-10
-10
-10
-11
-10
-11
-11
-10
-10
-10
-10
-11
-11
-11
-11
-10
-10
-10
-10
-11
-12
-12
-12
-12
-12
-11
-10
-11
-10
-12
-10
-10
-10
-10
-11
-10
-12
-11
-11
-11
-11
-11
-11
-11
-12
-12
-11
-12
-12
-11
-11
-11
-11
-11
-12
-12
-12
-12
-11
-12
-11
-12
-12
-13
-12
-12
-11
-11
-11
-11
-11
-11
-10
-10
-10
-11
-10
-11
-10
-11
-11
-11
-11
-11
-10
-10
-10
-11
-11
-11
-12
-12
-12
-11
-11
-11
-10
-11
-11
-11
-10
-11
-10
-11
-11
-11
-11
-11
-11
-11
-11
-12
-11
-10
-10
-10
-11
-11
-11
-12
-11
-12
-12
-11
-11
-10
-11
-12
-12
-11
-11
-10
-10
-10
-11
-10
-9
-9
-10
-9
-10
-10
-10
-11
-10
-11
-10
-11
-11
-10
-12
-11
-10
-10
-9
-10
-10
-11
-12
-10
-10
-11
-10
-10
-11
-11
-11
-10
-11
-12
-12
-13
-12
-12
-12
-12
-12
-13
-12
-11
-11
-12
-12
-11
-11
-12
-11
-11
-11
-12
-11
-12
-12
-11
-11
-12
-12
-11
-12
-11
-11
-11
-11
-11
-11
-11
-10
-10
-10
-11
-10
-11
-10
-10
-10
-11
-11
-10
-10
-9
-9
-10
-10
-9
-9
-9
-10
-10
-10
-11
-11
-11
-11
-12
-11
-11
-13
-11
-12
-11
-10
-10
-10
-9
-9
-10
-11
-11
-11
-11
-11
-11
-12
-12
-13
-12
-11
-11
-11
-11
-10
-11
-10
-10
-11
-11
-11
-10
-10
-10
-10
-10
-10
-10
-10
-9
-9
-10
-9
-10
-9
-8
-8
-8
-9
-8
-10
-9
-9
-9
-10
-10
-9
-10
-10
-10
-11
-11
-12
-10
-10
-12
-12
-13
-11
-13
-13
-12
-13
-12
-12
-11
-11
-12
-12
-13
-12
-10
-12
-12
-13
-12
-11
-11
-11
-12
-11
-11
-12
-11
-11
-10
-10
-11
-10
-11
-10
-10
-10
-11
-11
-11
-9
-11
-12
-11
-10
-9
-9
-9
-9
-8
-9
-10
-11
-11
-11
-11
-10
-11
-12
-13
-13
-13
-14
-11
-12
-12
-12
-11
-11
-11
-11
-13
-11
-11
-11
-11
-10
-10
-11
-11
-10
-11
-11
-10
-11
-11
-12
-11
-10
-9
-10
-10
-10
-11
-10
-10
-11
-11
-11
-11
-11
-11
-11
-11
-10
-10
-10
-10
-10
-10
-11
-10
-10
-11
-10
-10
-12
-11
-12
-12
-12
-11
-10
-11
-11
-12
-11
-10
-10
-9
-10
-10
-10
-9
-9
-8
-9
-10
-10
-8
-9
-9
-10
-11
-11
-11
-12
-13
-12
-12
-12
-13
-12
-12
-12
-11
-11
-10
-10
-10
-10
-12
-11
-10
-10
-11
-11
-11
-13
-11
-10
-12
-13
-12
-12
-13
-13
-13
-13
-13
-12
-12
-11
-11
-10
-10
-9
-9
-10
-10
-10
-10
-10
-11
-11
-9
-10
-10
-10
-10
-9
-9
-9
-10
-9
-8
-8
-8
-10
-10
-10
-10
-10
-11
-12
-11
-10
-12
-11
-11
-13
-13
-12
-13
-12
-12
-13
-12
-11
-11
-11
-11
-12
-11
-11
-12
-11
-12
-12
-13
-13
-12
-12
-11
-11
-11
-10
-11
-10
-10
-10
-10
-10
-9
-9
-9
-8
-7
-8
-8
-8
-8
-7
-7
-8
-8
-9
-9
-8
-9
-10
-10
-10
-10
-10
-11
-10
-10
-11
-10
-11
-11
-11
-12
-12
-12
-13
-13
-14
-14
-15
-15
-14
-14
-14
-13
-13
-11
-12
-13
-13
-13
-12
-12
-12
-11
-11
-11
-11
-11
-10
-10
-12
-11
-11
-11
-11
-11
-10
-10
-10
-10
-11
-11
-11
-10
-9
-9
-8
-7
-7
-8
-8
-7
-8
-8
-8
-9
-9
-8
-9
-9
-9
-10
-11
-12
-12
-12
-13
-12
-13
-12
-12
-11
-12
-13
-12
-13
-13
-12
-13
-12
-12
-12
-12
-11
-11
-11
-11
-11
-10
-11
-11
-11
-9
-9
-8
-8
-9
-8
-9
-9
-9
-10
-11
-10
-10
-10
-11
-10
-9
-10
-10
-10
-10
-11
-11
-11
-11
-11
-11
-11
-10
-10
-11
-11
-10
-9
-10
-11
-12
-11
-13
-11
-10
-11
-10
-12
-11
-10
-11
-12
-11
-11
-11
-11
-11
-11
-10
-9
-9
-8
-8
-8
-7
-7
-6
-7
-8
-7
-7
-8
-10
-9
-10
-11
-13
-14
-14
-15
-15
-16
-16
-15
-15
-16
-15
-14
-15
-15
-13
-13
-12
-12
-11
-10
-12
-11
-11
-10
-9
-9
-9
-9
-9
-9
-9
-9
-8
-8
-8
-8
-11
-9
-9
-10
-9
-9
-10
-10
-11
-10
-7
-7
-8
-9
-9
-11
-13
-14
-16
-18
-19
-19
-18
-17
-14
-11
-7
-1
4
8
12
14
15
15
14
11
6
0
-6
-12
-20
-28
-34
-38
-40
-40
-40
-38
-32
-27
-21
-19
-19
-19
-22
-25
-27
-28
-25
-20
-13
-6
2
6
11
15
20
21
23
23
21
18
11
2
-8
-18
-28
-37
-42
-44
-44
-40
-36
-30
-23
-18
-13
-6
1
7
13
20
24
28
29
27
20
10
0
-9
-18
-25
-26
-25
-24
-19
-13
-6
-1
0
0
-2
-7
-13
-18
-23
-29
-34
-40
-45
-50
-54
-58
-59
-56
-51
-47
-43
-39
-34
-26
-15
-6
4
13
24
35
41
47
44
37
28
21
14
8
4
3
1
1
3
3
4
5
5
6
6
7
7
8
8
5
-1
-8
-15
-21
-26
-32
-35
-39
-43
-47
-55
-66
-78
-83
-78
-67
-53
-39
-25
-12
-1
6
11
13
11
9
6
3
1
-1
-4
-7
-11
-14
-17
-18
-19
-17
-12
-7
-1
2
5
8
12
15
20
26
35
47
54
53
46
36
22
8
-5
-17
-26
-33
-36
-37
-36
-34
-33
-31
-29
-27
-26
-23
-21
-20
-18
-18
-19
-21
-23
-25
-27
-28
-30
-32
-32
-35
-36
-36
-37
-37
-41
-47
-52
-55
-55
-49
-42
-32
-22
-11
-2
5
13
19
24
30
33
35
36
37
38
36
33
30
25
19
16
13
10
9
8
8
6
7
7
7
9
8
8
6
4
1
-2
-6
-10
-14
-18
-21
-25
-30
-34
-37
-40
-41
-43
-46
-46
-48
-48
-48
-48
-48
-48
-48
-47
-47
-45
-44
-42
-39
-36
-33
-29
-24
-20
-17
-14
-10
-7
-4
0
2
5
7
7
10
12
13
16
17
17
19
20
24
24
23
24
23
23
22
21
20
18
18
18
16
14
12
11
9
6
3
0
-3
-6
-10
-14
-17
-20
-22
-25
-27
-31
-34
-37
-40
-42
-44
-45
-45
-45
-45
-45
-45
-45
-44
-43
-41
-40
-38
-37
-36
-34
-32
-31
-28
-25
-21
-18
-15
-12
-10
-6
-2
1
3
5
8
12
13
15
17
16
18
19
19
20
20
20
19
20
19
18
16
15
15
13
12
11
7
5
3
1
-1
-4
-8
-10
-12
-14
-17
-18
-21
-22
-23
-25
-26
-28
-29
-31
-32
-33
-34
-34
-35
-36
-37
-37
-37
-37
-37
-35
-34
-33
-30
-28
-27
-25
-22
-20
-18
-15
-13
-10
-8
-7
-4
-2
0
1
2
5
6
8
9
10
11
10
11
11
10
10
10
8
9
9
7
6
4
4
2
1
0
-1
-4
-6
-7
-8
-9
-12
-14
-15
-16
-18
-20
-20
-21
-22
-22
-23
-24
-25
-26
-26
-26
-26
-25
-25
-25
-25
-24
-23
-22
-20
-20
-18
-17
-15
-13
-13
-12
-11
-12
-12
-11
-9
-7
-7
-5
-5
-5
-2
-1
-2
-2
-2
0
0
0
1
1
1
1
1
1
0
-2
-3
-4
-4
-6
-7
-8
-9
-9
-10
-10
-11
-13
-12
-13
-13
-13
-13
-14
-14
-15
-15
-15
-16
-17
-17
-17
-18
-18
-18
-18
-18
-17
-17
-16
-16
-15
-15
-15
-14
-14
-14
-12
-12
-10
-10
-9
-8
-8
-8
-7
-8
-6
-6
-7
-6
-6
-4
-3
-4
-3
-3
-3
-3
-3
-3
-3
-4
-4
-4
-5
-6
-7
-8
-8
-8
-9
-10
-11
-10
-11
-12
-12
-12
-12
-12
-13
-12
-14
-14
-14
-15
-16
-16
-17
-17
-17
-16
-17
-17
-18
-17
-16
-16
-15
-16
-16
-16
-15
-14
-13
-13
-13
-12
-11
-10
-10
-9
-9
-8
-7
-8
-6
-6
-6
-7
-7
-6
-6
-6
-6
-6
-6
-6
-5
-6
-5
-6
-6
-6
-7
-6
-6
-7
-7
-7
-8
-7
-8
-8
-8
-9
-9
-10
-10
-10
-11
-11
-11
-12
-11
-11
-12
-12
-13
-13
-14
-14
-14
-14
-15
-16
-15
-16
-14
-15
-15
-14
-14
-13
-12
-11
-11
-12
-11
-10
-10
-10
-10
-8
-7
-9
-8
-8
-8
-8
-8
-9
-9
-10
-9
-8
-9
-9
-9
-9
-8
-7
-8
-9
-9
-10
-10
-9
-9
-10
-10
-11
-11
-10
-10
-9
-10
-10
-9
-9
-10
-10
-9
-10
-10
-10
-10
-9
-9
-9
-11
-10
-10
-10
-10
-12
-13
-14
-12
-12
-13
-12
-12
-12
-13
-12
-12
-13
-12
-12
-11
-10
-12
-11
-10
-10
-10
-10
-11
-10
-9
-11
-10
-10
-11
-10
-10
-10
-11
-10
-10
-10
-10
-10
-9
-9
-9
-9
-9
-8
-7
-7
-7
-7
-6
-8
-8
-7
-8
-7
-8
-8
-7
-8
-8
-8
-8
-9
-9
-9
-10
-10
-11
-12
-12
-13
-13
-13
-13
-12
-13
-12
-12
-13
-12
-12
-12
-11
-12
-13
-11
-11
-12
-11
-11
-10
-10
-10
-9
-10
-9
-9
-9
-10
-8
-8
-8
-7
-8
-7
-6
-8
-8
-8
-9
-8
-8
-8
-9
-10
-10
-12
-12
-12
-12
-12
-13
-12
-11
-12
-12
-12
-11
-12
-12
-12
-12
-12
-13
-14
-13
-13
-11
-11
-11
-11
-11
-12
-11
-10
-11
-11
-10
-10
-11
-9
-9
-9
-9
-10
-9
-9
-9
-9
-10
-10
-8
-8
-7
-7
-8
-8
-7
-7
-7
-7
-7
-7
-8
-8
-8
-9
-9
-9
-10
-9
-10
-9
-10
-9
-9
-9
-10
-10
-10
-11
-11
-11
-10
-11
-11
-11
-12
-12
-12
-13
-13
-14
-14
-13
-13
-13
-12
-12
-12
-12
-12
-13
-14
-14
-13
-13
-15
-14
-14
-12
-11
-10
-7
-5
-3
-2
-1
-1
-1
-1
-2
-3
-6
-9
-11
-13
-15
-16
-16
-16
-15
-13
-11
-10
-6
-5
-5
-4
-1
1
3
4
4
2
2
1
-2
-4
-8
-11
-14
-19
-22
-26
-30
-34
-38
-42
-44
-45
-43
-42
-40
-37
-31
-27
-23
-17
-12
-4
4
14
24
33
41
42
41
34
27
19
9
2
-5
-11
-17
-19
-19
-18
-15
-12
-9
-6
-3
-3
-3
-3
-5
-7
-11
-14
-17
-21
-23
-22
-22
-26
-32
-40
-49
-55
-56
-53
-46
-36
-24
-13
-3
4
10
15
15
14
11
6
2
-2
-8
-10
-12
-14
-15
-17
-17
-16
-16
-16
-15
-11
-8
-5
0
3
7
12
15
18
22
23
27
29
27
24
18
12
6
3
1
0
-3
-7
-14
-20
-26
-31
-37
-44
-50
-54
-60
-64
-66
-65
-62
-56
-50
-42
-33
-26
-18
-12
-6
0
5
8
10
12
13
12
11
9
8
6
2
0
-2
-6
-8
-10
-11
-12
-12
-12
-13
-13
-11
-10
-7
-6
-2
0
2
4
5
7
9
11
12
11
12
12
11
10
8
6
3
1
-1
-4
-7
-10
-13
-16
-19
-23
-26
-30
-32
-34
-36
-37
-38
-39
-40
-40
-41
-39
-38
-37
-35
-33
-31
-27
-24
-21
-18
-15
-11
-9
-7
-5
-3
-1
0
1
3
4
4
5
6
6
7
8
8
9
10
10
11
11
11
10
10
9
7
7
5
4
4
3
2
1
0
-2
-4
-7
-9
-11
-14
-16
-18
-19
-21
-22
-24
-26
-27
-27
-27
-29
-30
-30
-30
-30
-29
-30
-29
-28
-27
-26
-25
-23
-22
-20
-18
-16
-14
-13
-11
-9
-8
-6
-5
-4
-2
-3
-1
0
-1
-2
-1
0
-1
-1
0
-1
-2
-2
-2
-2
-2
-2
-2
-1
-1
-2
-3
-3
-3
-3
-3
-5
-5
-6
-7
-8
-9
-9
-10
-11
-11
-11
-12
-13
-14
-15
-15
-15
-15
-15
-15
-15
-15
-15
-15
-14
-15
-15
-15
-15
-14
-13
-11
-13
-12
-12
-12
-12
-11
-11
-11
-12
-11
-10
-9
-9
-8
-8
-8
-7
-7
-7
-7
-7
-7
-8
-7
-8
-9
-8
-8
-9
-7
-8
-9
-8
-9
-9
-9
-9
-9
-10
-10
-11
-10
-9
-9
-9
-10
-10
-10
-9
-9
-8
-9
-10
-9
-10
-11
-11
-11
-11
-12
-12
-12
-13
-14
-14
-13
-14
-13
-14
-13
-13
-13
-12
-12
-11
-10
-11
-9
-9
-9
-9
-9
-9
-9
-8
-8
-8
-8
-7
-7
-7
-6
-7
-6
-5
-6
-6
-5
-4
-5
-7
-7
-7
-8
-8
-8
-9
-10
-9
-10
-11
-10
-11
-12
-12
-12
-12
-13
-13
-12
-12
-12
-13
-13
-12
-12
-14
-14
-12
-12
-13
-13
-14
-14
-13
-12
-12
-11
-11
-12
-11
-11
-11
-11
-11
-10
-10
-8
-8
-8
-7
-6
-7
-6
-6
-7
-7
-7
-6
-7
-7
-7
-6
-6
-6
-6
-7
-7
-6
-6
-8
-8
-8
-8
-9
-10
-10
-10
-9
-10
-12
-11
-11
-10
-11
-12
-12
-12
-12
-12
-12
-12
-12
-13
-13
-12
-12
-12
-12
-11
-11
-10
-11
-11
-11
-11
-10
-10
-10
-10
-11
-11
-10
-11
-11
-10
-10
-10
-10
-10
-10
-9
-9
-9
-9
-9
-9
-9
-10
-10
-11
-10
-10
-9
-10
-10
-9
-11
-9
-9
-10
-10
-9
-9
-7
-8
-9
-9
-9
-9
-10
-9
-9
-10
-10
-11
-11
-11
-10
-10
-10
-10
-9
-9
-9
-9
-8
-8
-8
-8
-10
-10
-9
-9
-9
-9
-9
-8
-9
-9
-8
-9
-9
-8
-9
-9
-10
-10
-10
-11
-11
-11
-12
-12
-11
-12
-13
-13
-13
-12
-11
-11
-11
-11
-12
-10
-8
-9
-8
-8
-8
-8
-10
-8
-8
-10
-9
-9
-9
-10
-11
-10
-9
-9
-8
-8
-9
-9
-10
-10
-10
-10
-10
-10
-11
-11
-10
-12
-11
-11
-12
-11
-12
-12
-11
-12
-10
-11
-11
-10
-10
-10
-9
-8
-8
-10
-9
-10
-9
-10
-11
-10
-11
-10
-10
-10
-10
-10
-9
-9
-8
-8
-9
-8
-9
-9
-8
-8
-9
-9
-9
-8
-9
-9
-10
-10
-10
-11
-10
-10
-10
-10
-11
-10
-11
-11
-11
-11
-10
-10
-10
-11
-10
-11
-10
-10
-11
-10
-10
-8
-8
-8
-8
-9
-9
-9
-8
-8
-8
-8
-9
-9
-9
-9
-8
-9
-9
-9
-9
-10
-9
-9
-10
-10
-10
-10
-10
-10
-10
-11
-11
-12
-10
-8
-10
-10
-9
-10
-10
-11
-11
-10
-10
-10
-9
-9
-10
-9
-9
-10
-9
-10
-10
-10
-11
-10
-9
-9
-11
-10
-9
-11
-10
-10
-11
-11
-10
-11
-10
-10
-10
-9
-10
-10
-10
-9
-9
-9
-9
-9
-10
-10
-9
-9
-10
-9
-9
-10
-10
-10
-10
-9
-9
-8
-9
-11
-11
-11
-11
-11
-10
-11
-10
-11
-10
-10
-11
-10
-10
-9
-9
-9
-8
-8
-8
-8
-10
-9
-10
-10
-10
-10
-10
-10
-10
-10
-10
-10
-9
-10
-9
-8
-8
-7
-7
-8
-8
-9
-10
-10
-9
-9
-10
-10
-10
-10
-10
-10
-10
-10
-10
-11
-11
-11
-11
-11
-10
-10
-11
-11
-10
-10
-10
-11
-10
-11
-10
-9
-10
-10
-9
-10
-8
-8
-9
-9
-9
-9
-9
-9
-9
-9
-9
-8
-10
-10
-10
-10
-10
-11
-10
-10
-11
-11
-11
-11
-10
-10
-11
-11
-11
-11
-11
-12
-11
-10
-10
-9
-9
-10
-10
-10
-9
-8
-9
-9
-9
-9
-9
-9
-8
-9
-9
-8
-10
-11
-10
-10
-10
-10
-11
-11
-9
-9
-9
-9
-9
-9
-10
-10
-10
-10
-10
-10
-9
-10
-10
-9
-10
-10
-10
-10
-10
-11
-11
-10
-10
-9
-10
-10
-9
-9
-9
-9
-9
-10
-10
-10
-9
-10
-10
-10
-10
-10
-11
-10
-9
-9
-8
-8
-9
-8
-7
-8
-9
-9
-7
-7
-8
-8
-8
-9
-8
-10
-10
-10
-12
-11
-10
-11
-11
-11
-11
-11
-11
-12
-11
-10
-11
-10
-10
-10
-11
-10
-10
-10
-9
-8
-8
-9
-9
-9
-8
-8
-9
-8
-7
-8
-9
-9
-9
-9
-10
-10
-10
-11
-10
-10
-11
-12
-12
-11
-11
-9
-10
-10
-9
-9
-9
-10
-11
-10
-10
-9
-9
-10
-10
-10
-10
-11
-12
-10
-10
-10
-8
-8
-9
-9
-9
-9
-9
-8
-8
-9
-9
-11
-10
-9
-11
-11
-10
-10
-9
-10
-10
-10
-10
-10
-10
-10
-10
-11
-9
-10
-11
-9
-8
-9
-8
-9
-9
-9
-10
-9
-9
-9
-9
-9
-9
-9
-9
-9
-10
-9
-9
-9
-9
-9
-9
-9
-9
-10
-9
-9
-9
-9
-8
-9
-10
-9
-10
-9
-10
-10
-10
-10
-9
-10
-10
-10
-11
-10
-11
-11
-9
-10
-10
-10
-9
-10
-10
-10
-10
-9
-9
-10
-10
-10
-10
-10
-10
-10
-10
-10
-11
-10
-11
-11
-10
-10
-10
-10
-10
-9
-9
-9
-9
-9
-8
-9
-9
-9
-9
-9
-9
-10
-10
-9
-9
-9
-10
-9
-9
-10
-9
-9
-9
-10
-10
-10
-9
-10
-10
-9
-10
-10
-10
-10
-10
-10
-10
-9
-10
-11
-10
-10
-10
-10
-10
-11
-10
-10
-10
-10
-10
-10
-11
-11
-10
-9
-9
-9
-10
-9
-10
-10
-10
-9
-8
-8
-8
-8
-8
-8